 -10.854
 -16.747
 -15.147
 -12.109
 -13.816
 -18.653
 -20.898
 -14.015
 -14.489
 -10.088
 -20.431
  -7.679
 -13.950
 -21.770
 -13.079
 -15.257
  -9.675
  -5.034
 -15.720
  -5.565
 -20.515
 -19.609
  -4.517
 -12.494
 -18.862
  -9.757
 -10.454
 -21.292
 -20.583
  -3.055
 -19.784
 -22.093
 -16.286
 -20.864
  -6.915
 -11.727
 -18.782
 -17.003
  -8.321
 -20.770
 -11.774
 -12.452
  -7.893
 -25.242
 -14.149
 -12.026
 -20.338
  -5.084
 -11.376
 -27.458
 -16.093
 -12.904
 -25.123
 -12.452
  -9.444
  -7.048
 -16.359
 -16.657
 -15.397
 -14.348
 -22.552
  -8.742
 -20.657
 -16.435
 -14.568
 -15.776
 -10.784
 -30.606
 -20.100
 -14.515
 -14.886
 -15.894
 -19.967
  -9.834
 -22.790
 -13.453
  -4.218
 -21.501
  -7.877
 -22.681
 -12.122
 -20.729
 -15.664
 -12.098
 -15.981
 -23.837
 -21.505
 -18.820
 -16.752
 -17.325
  -8.959
 -17.355
 -14.364
 -11.285
 -16.996
 -17.138
 -15.788
 -20.054
  -7.288
 -17.111
 -18.352
  -9.468
 -13.535
 -17.023
 -10.210
 -15.968
 -19.366
  -3.507
 -23.895
 -21.099
 -16.935
  -7.997
 -27.401
  -4.020
  -7.918
 -25.862
 -15.437
 -16.666
 -12.418
  -8.953
 -19.183
 -12.587
 -12.058
 -28.329
  -7.614
  -7.840
 -25.460
 -15.185
 -10.010
 -28.816
  -5.928
 -14.214
 -19.429
  -6.579
 -20.029
 -18.320
 -13.066
 -16.523
 -11.764
 -21.071
 -17.291
  -5.282
 -20.558
 -17.127
 -16.309
 -16.291
 -12.244
  -6.026
 -28.192
  -7.004
 -14.704
 -15.598
 -17.186
 -13.407
  -6.735
 -23.402
   0.605
 -17.720
 -19.698
 -13.516
 -16.615
 -16.462
  -4.312
 -10.867
 -17.668
 -13.724
 -11.140
 -17.016
 -15.533
 -14.005
 -24.525
  -8.210
  -7.807
 -25.915
 -18.107
  -5.295
 -24.383
 -15.329
  -6.449
 -20.368
 -13.241
 -13.461
 -12.663
  -6.733
 -13.441
 -15.793
 -17.060
  -5.861
 -21.109
 -10.504
  -7.873
 -20.818
 -12.060
  -1.605
 -22.573
 -15.509
  -4.034
 -13.636
 -11.305
 -11.863
 -26.478
 -12.401
   0.532
 -25.872
  -0.713
 -13.888
 -15.875
  -9.518
  -9.207
 -19.503
  -8.795
 -16.284
 -19.197
 -13.030
 -19.971
 -11.627
 -18.714
  -6.664
  -4.899
 -14.618
  -9.271
  -9.736
 -18.087
 -15.875
  -4.552
 -24.771
 -11.308
 -15.542
 -20.634
 -20.803
  -7.851
 -12.184
 -19.441
 -13.371
  -8.990
 -17.597
 -13.379
 -11.830
 -17.372
 -14.303
  -9.399
  -8.148
 -20.303
 -13.282
  -5.647
 -33.189
 -10.558
  -4.971
 -17.910
 -15.578
 -10.527
 -16.164
 -19.869
 -14.016
 -23.984
 -13.201
 -10.406
  -5.883
 -19.460
 -10.122
 -12.118
 -23.111
 -14.664
 -11.593
  -7.977
 -21.510
  -8.677
 -18.327
 -11.896
 -23.736
 -18.646
 -22.678
 -16.528
 -13.376
 -13.768
 -13.614
 -19.029
 -20.712
 -20.755
 -14.549
 -15.260
 -17.502
 -18.134
 -13.127
  -5.281
 -21.496
 -23.064
 -14.870
 -16.864
 -23.182
 -18.354
  -1.674
 -17.010
 -13.368
  -9.265
 -26.483
 -19.260
  -2.302
 -22.557
 -14.286
 -13.680
 -13.998
 -12.843
  -7.498
 -15.770
  -3.697
 -24.667
 -19.913
 -10.055
 -20.718
 -11.988
 -20.118
 -22.616
 -11.000
 -16.747
 -15.310
 -10.398
 -13.975
 -11.396
 -15.562
 -18.695
 -16.995
 -17.895
 -12.073
 -19.715
 -14.762
 -17.337
  -5.441
 -21.404
 -18.758
 -18.083
 -19.827
  -8.223
 -18.428
 -16.701
 -16.056
  -7.468
 -16.425
  -6.766
 -14.293
 -14.908
 -19.787
 -16.304
 -11.400
 -17.355
  -8.360
 -12.950
 -16.582
 -17.831
 -12.668
 -11.693
 -13.228
 -16.299
  -9.908
 -13.938
 -20.918
 -20.735
 -22.780
 -11.558
 -14.463
   0.096
 -18.470
 -19.156
  -7.839
 -17.543
 -16.023
 -16.088
 -16.420
  -5.964
 -15.688
 -18.043
 -18.829
  -9.764
 -20.890
 -18.705
 -16.455
  -7.348
 -11.135
 -13.436
  -8.935
 -15.003
 -14.048
 -20.325
 -18.380
  -7.788
 -12.519
 -19.620
 -14.746
 -17.401
 -11.742
 -26.660
  -6.471
 -10.320
 -23.730
  -7.537
 -12.765
 -23.711
 -12.617
 -23.574
 -12.371
 -12.289
 -17.688
 -10.052
 -21.453
 -12.323
 -11.465
 -20.053
 -10.759
  -5.191
 -15.651
 -21.940
  -9.412
 -19.595
 -13.836
 -10.160
 -15.114
 -19.093
 -13.464
 -13.473
 -12.303
 -21.755
 -24.607
 -12.878
 -15.655
  -8.484
  -6.340
 -15.859
  -7.996
 -17.836
 -22.661
  -8.651
 -10.115
 -14.921
  -3.178
 -16.717
 -17.720
 -14.240
 -20.074
 -21.697
 -15.379
  -7.813
 -21.667
 -13.698
 -17.879
 -11.002
 -11.393
 -16.777
 -10.874
 -28.319
  -7.520
 -18.506
 -15.372
 -14.164
 -27.802
 -11.967
 -26.094
 -17.068
  -8.419
 -18.043
  -9.396
 -15.607
 -13.130
 -23.816
  -8.289
 -18.125
 -17.739
  -9.082
 -22.872
 -23.789
 -13.848
 -18.319
 -16.544
 -15.056
 -17.272
 -21.024
 -15.379
 -10.020
 -12.281
 -16.884
 -16.375
 -12.118
 -25.540
 -12.323
 -10.589
 -17.166
 -25.893
 -16.157
 -22.672
 -16.880
 -11.068
  -6.929
 -13.633
 -11.769
  -2.052
 -14.845
 -21.270
  -0.841
 -20.061
 -12.521
 -15.277
 -25.648
 -18.401
  -4.553
  -8.994
 -26.231
  -7.669
 -10.131
 -11.843
 -22.085
 -16.163
 -17.146
 -21.308
 -27.644
  -4.184
 -16.040
 -10.878
  -8.077
 -14.215
 -23.072
 -21.845
 -13.418
 -14.842
 -13.747
 -19.888
 -18.878
 -13.557
  -8.929
 -15.639
 -19.875
  -6.728
 -10.510
 -20.995
 -15.920
 -16.982
 -11.230
 -20.652
 -11.656
 -13.157
  -6.153
 -19.479
  -8.501
 -12.803
 -21.835
 -20.036
 -15.929
  -8.969
  -3.027
 -13.943
  -6.008
 -22.777
 -12.440
 -14.191
 -20.421
 -14.384
 -22.618
 -14.979
 -17.251
 -20.087
 -26.024
 -14.497
 -16.375
  -6.595
 -25.891
 -13.573
  -7.280
 -18.653
 -12.463
 -12.211
 -21.714
 -14.933
 -19.634
 -25.281
 -18.606
 -14.788
  -4.706
 -12.037
 -20.087
 -13.348
 -10.754
 -13.191
 -27.690
  -0.552
 -17.514
 -16.614
 -19.459
 -10.531
 -21.224
  -8.847
 -15.752
 -12.785
  -3.973
 -21.384
 -13.590
  -8.737
 -17.993
 -15.661
 -20.352
 -22.175
 -29.538
  -4.340
 -17.813
 -15.289
 -21.826
 -23.891
 -15.580
 -14.821
 -11.137
 -24.805
  -6.643
 -21.090
  -5.149
 -27.014
 -13.710
 -11.016
 -18.656
 -26.598
 -13.858
 -15.713
 -18.164
 -15.124
 -21.036
  -6.743
 -13.571
 -16.869
 -15.255
 -10.201
 -20.433
  -5.027
 -14.452
 -15.362
 -15.524
 -14.997
 -18.491
 -11.266
 -19.608
 -21.915
  -3.793
 -18.985
 -15.678
 -22.030
 -25.584
  -9.962
 -11.380
 -10.622
 -19.636
 -23.296
 -12.671
 -25.873
 -20.407
  -5.577
 -13.728
 -19.787
 -11.572
 -13.997
 -16.757
  -4.565
 -19.158
 -18.624
   0.245
 -25.852
 -13.652
 -16.444
 -23.048
  -9.523
 -10.576
 -12.278
 -10.710
 -18.998
 -21.218
  -7.525
 -22.313
  -6.646
 -15.127
 -18.899
 -12.894
  -3.029
 -10.089
 -19.240
  -8.764
 -20.761
 -26.299
  -0.963
 -24.524
  -5.973
 -18.246
 -26.853
  -8.483
 -11.750
 -24.288
 -22.632
 -16.480
 -19.629
 -16.596
  -8.110
 -13.902
 -18.728
 -14.605
 -10.358
 -24.035
 -12.107
 -20.478
 -18.506
 -17.292
 -12.403
  -8.979
 -21.399
 -10.906
  -8.430
 -16.296
 -16.704
 -11.095
 -22.835
  -8.994
 -15.950
  -6.957
 -16.628
 -27.453
 -16.956
 -16.537
 -17.329
 -16.128
  -8.268
 -21.015
 -19.986
 -19.424
  -8.611
 -25.951
  -8.379
 -14.959
 -16.528
 -16.846
 -11.180
 -21.270
 -17.676
  -9.263
 -17.446
  -3.204
  -8.385
 -22.808
 -15.062
 -17.021
  -6.198
 -14.736
 -11.948
 -26.704
 -17.753
  -8.757
 -11.931
 -11.908
 -18.123
 -11.416
 -15.247
 -10.069
  -9.859
 -17.859
 -23.109
 -13.797
 -17.637
 -17.334
 -10.446
 -25.911
 -10.360
 -22.950
  -7.681
 -13.421
  -9.172
 -13.623
 -27.342
 -13.854
 -10.347
 -12.318
 -29.894
 -16.264
 -19.133
 -12.182
 -20.739
 -16.836
 -19.666
 -12.964
 -20.087
  -7.836
  -9.193
  -9.759
 -18.775
  -5.734
 -21.909
 -13.319
  -7.152
 -25.526
 -18.582
 -13.720
 -17.282
 -19.471
 -11.700
 -14.898
  -6.354
  -9.632
 -19.752
  -8.246
 -12.696
 -29.140
 -10.073
 -20.194
 -15.110
 -12.759
 -19.266
 -16.904
 -11.569
  -8.200
 -25.517
 -16.363
 -13.696
 -12.367
 -12.876
 -20.262
 -13.424
  -7.209
 -24.824
 -11.796
  -9.576
 -23.858
 -16.348
 -22.208
 -18.844
 -14.416
 -17.139
 -12.425
 -12.807
 -20.393
 -20.866
  -7.813
 -15.881
 -10.460
 -13.476
 -22.826
 -21.549
  -6.064
 -12.869
 -14.343
 -21.960
 -11.725
 -15.268
 -18.623
 -14.231
 -13.247
  -5.096
  -5.028
 -23.541
  -3.157
 -17.259
 -26.540
 -10.910
 -23.095
  -9.687
 -13.555
 -15.339
 -12.376
 -19.664
 -19.187
  -7.474
 -12.102
 -16.815
 -28.959
  -8.232
 -21.429
 -13.511
 -12.503
 -28.090
  -6.705
 -11.171
 -20.572
 -13.097
 -19.273
 -26.290
 -17.745
 -14.043
 -11.661
 -20.708
 -12.976
  -7.559
 -16.265
 -18.440
  -3.575
 -20.464
 -13.715
 -19.514
 -15.590
  -2.056
  -9.110
 -14.401
 -17.320
 -11.705
 -14.997
 -23.205
  -9.019
 -14.514
 -23.872
 -16.262
  -9.599
 -24.253
 -14.862
 -17.583
 -22.310
 -19.432
 -10.184
 -20.021
 -17.033
 -17.484
  -7.380
 -14.064
 -23.805
  -3.430
 -11.962
 -12.067
 -22.876
 -17.830
 -17.017
  -8.192
 -22.993
 -13.746
  -4.292
 -19.991
 -20.298
 -12.419
 -21.462
 -14.804
 -15.654
 -21.061
 -14.961
 -10.629
 -14.386
 -15.199
 -14.728
 -19.899
 -14.458
 -17.511
 -23.919
  -8.956
 -12.990
 -18.854
 -10.412
 -20.275
 -15.403
 -18.804
 -13.596
 -11.954
 -12.967
 -11.774
 -17.380
 -20.278
 -10.596
 -23.455
 -10.920
 -17.344
  -8.826
 -19.813
 -17.670
 -14.907
 -16.236
 -17.914
 -12.854
  -6.689
 -20.833
 -18.526
  -8.768
 -13.920
 -22.308
  -9.297
 -19.507
 -21.332
 -14.243
 -12.632
 -21.629
 -20.271
 -11.625
 -15.742
 -13.456
  -9.400
 -20.092
  -7.277
  -8.487
 -13.676
 -23.276
 -19.444
 -13.089
  -8.177
 -23.872
  -3.483
 -22.127
 -17.563
  -8.283
 -22.517
 -10.360
 -14.873
 -19.719
 -14.289
 -19.489
 -15.688
  -8.807
 -22.397
  -7.829
 -17.248
 -17.220
  -3.587
 -19.128
 -17.051
 -14.022
 -20.759
 -13.182
 -14.002
 -14.453
 -12.802
 -26.106
  -8.387
 -18.700
 -28.067
 -11.636
 -17.241
 -11.169
 -18.818
 -16.912
 -15.216
 -18.707
 -15.367
 -21.758
 -11.006
 -13.135
 -17.956
  -8.365
 -21.992
  -4.252
 -12.163
 -24.920
  -6.935
 -20.729
 -18.022
 -21.059
  -8.656
 -13.237
 -20.239
 -10.384
 -12.496
 -25.122
 -10.120
 -20.050
 -12.180
 -10.191
 -14.374
 -24.863
  -4.084
 -18.279
 -29.727
  -5.651
 -10.697
 -26.050
  -5.937
 -16.566
 -20.019
 -18.259
 -18.756
 -16.242
 -18.744
 -12.021
 -18.659
 -14.819
  -3.721
 -13.824
 -20.727
  -1.263
 -16.506
 -22.278
  -2.430
  -6.942
 -19.786
  -9.745
 -21.302
 -10.493
 -12.652
 -17.414
 -23.199
 -11.850
 -15.386
 -16.345
 -17.014
  -5.456
  -8.624
 -11.520
  -7.830
 -20.014
 -27.301
  -5.610
 -26.505
 -16.080
 -11.779
 -27.746
  -6.627
 -14.064
 -23.762
 -10.737
 -13.955
 -15.877
 -18.963
 -13.590
 -21.345
 -12.128
 -12.356
 -22.515
 -19.130
  -6.728
 -17.058
 -17.861
  -7.099
 -25.441
 -22.066
 -10.489
 -17.518
 -14.694
 -25.904
 -17.507
  -3.183
 -25.609
 -18.251
  -9.195
 -20.119
  -7.385
 -20.192
 -23.349
 -15.725
 -15.268
 -13.553
 -12.861
 -23.616
 -13.033
 -19.889
 -18.366
 -16.079
 -10.797
  -7.327
 -20.430
 -11.487
 -11.687
  -9.922
 -17.541
 -12.702
 -18.509
 -19.606
  -3.787
 -26.942
 -12.037
 -12.789
 -25.915
  -8.317
 -20.134
  -9.220
 -18.625
 -13.888
 -16.079
 -14.993
  -7.260
 -21.954
 -19.040
 -12.979
 -21.447
 -23.720
 -17.694
 -13.272
 -12.632
  -3.938
 -27.599
  -6.468
 -24.503
 -11.555
 -10.015
 -15.734
 -13.586
 -19.307
 -14.845
 -12.462
 -12.292
 -18.250
  -3.058
 -20.711
 -12.845
 -21.952
 -24.650
  -8.899
 -10.681
 -20.795
 -12.042
 -12.814
 -19.168
 -27.532
 -12.258
 -12.561
 -25.693
  -6.615
 -17.078
  -8.375
 -17.448
 -21.625
 -14.968
 -12.768
 -15.884
 -14.041
 -13.094
 -15.455
 -23.738
  -7.598
  -9.164
 -24.362
  -7.887
 -22.260
 -21.813
 -20.122
 -11.847
 -24.221
 -18.514
 -11.024
 -19.650
 -14.081
 -19.236
  -8.674
 -28.230
 -20.126
 -12.241
  -8.889
 -15.994
 -28.585
 -13.522
 -16.579
 -16.173
  -8.402
 -19.029
 -22.179
 -23.666
 -20.125
 -12.301
 -25.996
 -17.351
 -11.957
  -7.372
 -14.973
 -24.765
  -7.448
 -15.822
 -19.279
 -15.200
 -14.527
 -23.430
  -7.083
  -3.008
 -29.220
 -13.275
  -7.545
  -9.166
 -15.921
 -14.691
 -16.001
 -17.797
 -17.558
 -12.683
 -12.511
 -24.233
 -28.482
  -9.357
 -16.429
 -24.570
  -6.253
 -15.273
 -28.307
  -4.050
 -18.422
 -19.973
  -9.168
  -9.769
 -17.244
 -22.891
   0.201
 -10.926
  -7.415
 -15.240
 -10.207
 -12.439
 -11.797
 -16.661
 -19.043
 -21.359
 -11.660
  -8.888
 -16.515
 -13.545
 -25.055
 -11.345
  -9.140
 -30.187
 -16.873
 -14.253
 -14.195
 -17.914
 -16.580
 -17.733
  -8.576
 -17.035
 -19.234
 -13.225
 -21.000
 -23.992
 -14.547
 -15.941
 -19.746
 -13.752
  -4.176
 -23.859
  -6.177
 -20.337
 -14.546
 -20.493
 -13.431
 -16.667
 -17.789
  -7.265
 -12.268
 -13.252
 -21.918
 -12.721
 -11.953
 -10.089
 -15.584
 -16.957
 -10.206
 -32.226
 -14.405
  -8.977
 -21.447
  -8.305
 -19.369
 -21.915
  -6.595
 -11.472
 -18.729
 -16.797
 -19.348
 -23.546
 -20.660
 -10.195
  -7.758
 -17.525
  -9.702
  -9.872
  -9.290
 -16.294
 -13.395
 -10.671
 -13.386
 -14.550
 -23.043
 -17.314
 -14.818
 -11.970
 -19.988
 -18.225
 -14.063
 -10.829
 -22.384
 -11.067
  -5.220
 -14.343
 -17.081
  -5.006
 -10.413
 -13.774
 -23.378
  -4.136
 -12.784
  -4.537
 -18.712
 -12.184
 -13.334
 -12.752
 -19.373
 -10.846
 -18.968
 -19.148
 -14.516
 -16.182
 -24.364
 -15.410
  -7.212
  -2.482
 -22.021
 -10.383
  -8.815
 -24.880
  -9.183
 -10.408
 -22.313
  -2.580
 -13.173
 -16.583
 -21.504
 -13.171
 -14.464
 -11.675
 -10.927
 -12.466
 -16.449
 -10.552
 -20.465
  -8.441
 -20.397
 -22.213
  -6.398
 -17.745
 -15.117
  -5.691
 -27.189
  -6.324
  -5.561
  -9.665
 -18.925
  -7.322
 -12.944
  -6.291
 -14.679
 -22.583
 -20.160
 -12.633
 -18.476
 -15.074
 -18.945
  -7.958
 -18.517
  -9.099
 -11.094
 -17.715
 -23.762
 -12.720
 -23.508
 -17.768
 -12.135
 -21.099
 -20.317
 -11.432
 -23.613
  -7.340
  -7.318
 -12.566
 -18.146
 -15.193
 -18.465
  -9.029
 -13.206
 -16.360
  -8.824
  -6.118
  -7.266
 -15.473
 -13.800
  -8.445
  -8.873
 -12.640
 -16.309
  -4.041
  -9.719
 -17.452
  -7.742
 -18.760
  -9.239
 -24.009
  -4.464
 -14.876
  -7.617
 -17.240
 -12.466
 -14.453
 -21.995
 -10.936
  -7.053
 -10.508
 -19.212
 -13.487
 -13.593
 -14.220
 -17.330
 -14.643
 -11.299
  -5.580
 -19.307
  -8.915
 -18.293
 -12.194
 -13.182
 -15.155
  -7.213
 -12.908
 -18.508
  -4.936
 -13.363
 -17.347
 -10.560
 -28.944
 -14.828
 -11.649
 -13.783
 -12.145
 -23.087
 -20.587
 -10.844
 -13.468
 -15.788
 -25.091
  -5.276
 -22.328
 -12.095
 -11.008
 -11.958
 -16.041
 -19.254
 -15.543
 -22.710
 -14.579
 -11.370
  -6.921
 -26.935
 -15.934
 -14.019
 -16.503
  -6.260
 -10.012
 -21.707
  -9.409
 -18.672
 -24.335
 -18.428
 -19.236
 -11.583
 -12.965
  -9.094
 -16.266
 -15.458
 -11.519
 -14.020
 -29.225
 -10.862
  -9.130
 -11.735
 -16.473
 -20.571
 -15.730
 -18.836
 -13.245
  -4.926
 -23.510
 -16.945
 -14.004
  -7.392
 -22.733
 -10.770
 -11.490
  -9.484
 -10.193
 -18.564
 -13.454
 -10.015
 -20.404
 -15.916
  -3.521
  -8.156
 -22.108
 -18.075
 -14.944
 -20.736
 -10.914
 -13.619
 -14.552
 -17.989
 -17.898
 -12.850
 -15.394
 -16.713
  -4.439
 -18.296
  -7.287
  -7.090
 -25.852
 -15.824
 -20.534
 -11.801
 -10.865
  -8.116
 -20.586
 -22.031
 -11.271
 -15.302
 -12.030
 -18.155
 -14.029
  -8.166
 -13.655
  -7.688
 -13.242
 -28.667
 -17.615
  -5.106
 -25.521
 -16.143
 -13.600
 -18.733
 -17.449
 -11.966
 -11.957
 -24.358
 -13.368
 -11.519
 -25.427
 -11.483
 -20.895
 -21.996
  -0.297
 -26.465
  -6.173
 -12.195
 -15.429
  -8.712
  -7.200
 -18.569
  -1.483
 -24.885
 -10.414
  -8.482
 -25.373
   0.963
 -18.768
 -10.892
 -12.731
 -14.070
 -18.079
 -17.116
 -17.256
 -16.450
 -16.032
 -13.774
 -21.922
 -17.338
  -6.052
 -19.810
 -15.520
 -21.431
  -9.085
 -13.489
 -16.127
 -20.135
  -3.653
 -31.666
 -12.577
 -23.194
 -17.191
 -12.776
 -16.668
 -10.553
 -10.718
 -15.228
  -8.568
 -14.034
 -21.656
  -5.870
 -16.764
 -26.389
 -11.122
 -22.071
  -6.221
 -21.027
 -16.719
   0.049
 -22.912
 -10.848
 -12.696
  -8.348
 -18.672
 -15.486
 -14.707
 -15.685
 -26.150
 -14.216
 -16.813
  -8.807
 -23.485
 -12.126
 -20.695
 -15.370
 -12.903
 -16.776
  -2.790
  -7.347
 -17.322
 -15.930
 -12.191
 -14.427
  -4.607
 -13.381
 -12.604
  -5.858
 -14.019
 -12.852
  -9.484
 -11.033
 -12.628
 -14.587
 -13.432
 -12.493
  -7.177
 -18.451
  -7.895
 -21.102
 -17.498
 -10.998
 -22.715
 -19.281
 -14.826
 -11.831
 -22.897
 -10.822
  -7.768
 -10.446
 -11.678
 -14.421
 -14.159
 -15.352
 -32.804
  -9.734
 -17.974
 -17.930
 -12.471
 -16.242
  -3.749
 -14.133
 -28.798
 -17.819
 -14.458
 -25.806
 -22.479
   2.857
 -25.380
 -19.750
  -2.898
 -17.014
  -6.034
 -18.320
 -17.394
 -12.022
 -12.944
 -18.503
 -15.595
 -16.551
 -18.088
 -10.687
 -11.674
 -17.214
  -7.435
 -12.054
 -20.596
   1.909
 -21.943
  -7.070
 -16.148
 -20.166
 -13.043
  -8.670
 -20.666
 -12.430
 -22.652
 -20.705
 -23.006
 -16.091
   1.238
 -24.458
  -4.975
 -21.430
 -14.768
  -4.535
 -28.110
 -13.491
 -21.380
  -2.322
  -8.151
 -24.121
 -12.632
   0.664
 -23.187
 -19.058
  -4.225
 -20.999
 -10.803
 -11.578
 -15.519
 -18.258
 -10.684
 -16.275
  -4.826
 -14.948
 -22.267
  -8.776
 -20.063
  -7.129
 -17.429
 -18.315
 -12.462
 -10.463
 -29.015
 -15.586
  -6.323
 -24.945
 -14.490
  -7.178
 -17.729
 -12.313
 -22.822
 -18.755
 -24.203
  -5.579
 -11.174
 -19.911
  -7.100
 -18.062
 -11.686
 -16.300
 -16.010
 -14.307
  -7.212
 -13.172
 -16.063
 -24.804
  -7.124
 -13.055
 -14.472
 -15.083
 -17.822
  -5.634
 -23.394
  -9.442
 -15.684
 -15.837
 -15.625
 -12.114
 -24.081
 -17.928
 -16.314
 -15.345
 -20.213
  -6.941
 -27.095
  -7.679
 -15.700
 -14.005
 -10.687
 -20.344
  -6.527
 -14.622
 -13.769
 -13.835
 -27.576
 -14.913
  -2.677
 -22.354
 -18.416
 -14.638
 -22.044
  -5.040
 -20.400
 -21.613
  -7.304
 -14.797
 -22.845
 -13.784
 -21.827
 -17.394
  -1.026
 -17.187
 -18.384
 -10.146
 -19.643
 -11.813
 -22.439
 -19.608
 -12.706
 -16.365
 -14.747
 -23.999
  -2.553
 -28.542
 -13.620
 -16.126
 -15.345
 -13.414
 -20.976
 -18.304
  -7.149
 -23.820
 -18.415
  -6.800
  -9.195
 -15.238
 -14.393
 -13.608
 -15.748
 -20.996
  -4.755
 -21.509
  -6.975
 -12.893
 -17.627
 -15.789
 -10.397
 -19.749
 -25.875
 -13.787
  -3.108
 -16.125
 -27.499
  -8.792
 -22.967
 -12.170
 -11.030
 -21.445
 -14.862
 -15.064
 -23.763
  -6.313
 -10.202
 -27.755
  -7.704
  -9.668
 -17.305
  -6.685
 -15.803
 -13.273
 -15.988
 -14.183
 -15.820
  -9.547
 -19.093
  -7.005
 -10.295
 -18.211
 -13.524
 -15.233
 -14.183
 -14.326
 -14.753
 -19.387
 -15.032
 -25.079
  -4.488
 -12.232
 -12.003
  -6.487
 -20.427
 -19.274
 -15.374
 -16.649
 -13.743
 -13.237
 -23.357
 -21.860
 -10.208
 -32.374
 -15.068
 -10.680
 -17.858
 -11.379
  -7.996
 -21.423
 -21.646
  -6.796
 -12.669
 -18.928
  -9.040
 -23.461
 -10.790
  -4.130
 -16.490
 -20.099
 -11.737
 -14.290
 -17.771
 -16.443
 -12.327
 -10.193
  -8.253
 -19.718
  -8.823
 -13.290
 -15.200
 -12.584
 -13.267
 -12.363
 -13.454
 -19.426
 -17.153
  -9.962
 -11.140
 -19.206
 -23.311
 -10.179
 -26.017
 -24.022
 -13.429
 -12.276
  -5.445
 -19.769
  -4.834
 -22.556
 -22.630
 -12.741
 -21.233
  -8.871
 -10.565
 -14.454
 -14.927
 -25.282
 -15.208
 -17.188
 -24.490
 -22.890
 -19.081
 -10.072
 -19.174
 -11.413
  -6.352
 -14.246
 -11.415
 -11.573
 -11.212
 -15.790
   0.666
  -5.672
 -23.006
 -15.211
  -5.740
 -14.151
 -11.465
 -22.406
 -20.568
 -17.883
 -24.955
  -6.674
 -13.809
 -23.689
 -14.760
 -25.495
 -22.788
  -9.281
  -7.013
 -25.287
  -9.705
 -14.305
 -14.703
 -19.976
 -26.556
 -12.168
 -18.407
 -15.585
 -15.154
 -18.705
 -16.294
  -8.826
  -7.355
 -18.456
 -13.493
 -20.118
 -21.506
  -8.840
 -23.777
 -17.285
  -5.989
 -14.565
 -15.612
 -18.193
  -6.410
 -17.763
 -14.060
 -20.355
 -13.558
 -11.481
  -8.072
 -14.091
 -25.881
  -3.392
 -11.069
 -14.164
 -24.576
  -5.730
 -21.271
 -11.570
  -9.698
 -24.429
 -10.556
 -12.649
  -9.643
 -24.440
  -9.828
 -12.552
 -15.656
 -19.861
 -20.083
 -11.680
 -11.603
 -11.839
 -19.190
 -18.793
 -19.829
 -10.838
 -14.338
 -24.791
 -13.991
 -11.416
 -18.966
 -19.325
 -19.544
  -6.071
 -19.030
 -18.549
  -5.298
 -24.147
  -8.602
 -19.007
 -11.639
 -17.575
 -11.193
 -15.072
 -23.861
 -19.795
  -7.290
 -13.744
 -18.945
 -10.151
  -9.488
 -15.194
 -21.730
  -8.253
 -13.280
 -11.041
 -13.145
 -13.093
 -14.881
 -24.358
 -23.925
 -16.536
 -15.387
 -16.508
 -15.921
 -11.163
  -9.968
 -12.171
  -7.505
 -21.201
 -13.245
 -18.034
 -14.636
 -17.066
  -6.959
 -23.972
 -22.398
  -7.853
 -13.713
 -11.466
 -10.205
 -16.690
  -5.301
 -19.433
 -15.478
  -2.213
 -12.544
  -4.069
 -22.757
  -3.475
  -8.711
 -12.051
 -10.324
 -18.960
 -15.247
  -8.561
  -9.243
 -19.441
 -17.218
 -10.973
 -18.349
 -22.507
 -10.491
 -17.143
 -18.027
 -13.591
 -18.109
 -17.226
  -6.036
 -18.128
 -17.429
 -11.169
 -14.663
 -13.864
 -21.291
  -8.013
 -20.903
 -14.440
 -14.179
 -14.380
 -15.975
 -16.746
 -17.542
 -17.432
 -10.901
 -20.337
 -14.418
 -16.923
 -23.105
 -18.673
  -5.805
 -14.445
 -10.637
  -6.257
 -20.830
 -10.222
 -16.597
 -12.017
  -7.558
 -18.480
 -16.752
  -7.954
 -20.454
 -13.552
 -12.539
 -22.496
  -9.823
 -17.531
 -10.212
 -19.970
  -5.107
 -16.058
 -10.390
 -21.073
 -14.190
 -12.369
 -23.774
  -9.876
 -14.819
 -25.226
 -13.285
 -20.337
 -17.278
 -21.630
  -5.037
  -9.102
 -18.723
  -5.221
 -29.367
 -11.398
 -17.118
 -18.138
 -11.023
 -17.007
 -10.113
 -16.532
 -23.861
  -2.006
 -28.940
 -19.384
 -12.535
 -15.651
 -15.769
 -23.971
 -15.822
  -6.954
 -24.470
 -12.382
 -23.081
 -19.433
  -1.579
 -19.046
 -25.139
 -13.639
  -8.414
 -20.330
  -9.517
 -13.750
  -7.045
 -15.764
 -21.747
  -9.857
 -18.431
  -9.534
 -16.362
 -12.093
 -23.897
 -12.026
 -15.728
 -16.925
 -17.079
 -18.935
 -13.371
 -12.886
 -19.584
 -12.758
 -15.832
  -7.593
 -25.232
 -12.079
 -22.784
 -10.684
 -27.854
 -14.358
 -18.810
 -15.474
 -10.848
 -18.685
  -7.896
 -21.516
 -16.304
 -14.495
  -6.018
 -23.656
 -17.393
 -13.455
 -14.866
  -9.888
 -27.925
 -10.151
 -14.656
  -7.971
 -14.514
 -13.826
  -9.097
 -19.837
 -17.475
  -5.896
 -23.018
  -8.026
 -17.691
 -10.292
 -19.869
  -3.682
 -16.071
 -12.620
  -6.853
 -22.255
 -10.272
 -11.203
 -13.621
 -23.161
  -2.730
 -19.475
 -13.013
  -9.623
 -26.367
 -11.627
  -5.677
 -21.040
 -14.603
 -22.260
 -11.657
 -15.824
 -11.510
  -4.294
 -12.593
 -10.703
 -15.815
 -10.513
 -17.612
 -13.507
 -24.340
 -11.232
 -17.635
 -16.587
 -10.951
 -19.732
 -11.406
 -14.176
 -13.373
 -24.249
 -13.604
 -13.092
 -18.902
 -13.317
 -10.096
 -13.496
 -18.242
 -18.637
 -15.407
 -23.304
 -11.185
 -17.760
 -20.369
 -12.942
 -15.202
  -7.923
  -8.862
 -16.986
 -12.143
 -18.514
 -13.390
 -19.472
 -14.492
  -3.739
 -17.321
 -14.376
 -10.877
  -9.955
 -18.420
 -13.636
 -13.957
 -19.669
 -12.569
 -15.637
 -12.035
 -14.699
 -17.324
 -12.732
 -14.334
 -10.489
 -10.868
 -14.445
  -7.347
 -16.693
 -21.962
 -13.189
 -13.691
 -17.860
  -5.759
 -10.662
 -17.526
 -14.184
 -16.517
 -15.686
 -15.481
 -14.359
  -6.628
 -27.517
 -13.910
 -14.849
  -6.658
 -18.509
 -23.490
  -4.868
 -17.300
 -16.999
 -11.528
 -15.656
 -23.035
 -10.700
 -12.093
 -15.590
 -15.631
 -10.757
 -19.606
 -14.910
 -12.444
  -8.500
 -10.443
 -22.291
 -11.722
 -19.031
  -9.864
  -5.341
 -17.969
 -21.577
 -16.828
 -13.963
  -8.231
 -24.680
 -18.799
 -15.764
 -17.799
 -13.175
 -20.943
 -14.644
 -13.502
  -6.438
 -14.534
 -16.984
 -16.223
 -13.638
  -7.766
 -31.671
  -9.946
 -15.801
 -21.967
  -7.475
 -20.118
 -12.853
 -13.339
 -12.452
 -16.000
 -22.496
 -11.639
 -18.342
 -16.599
  -8.438
 -19.593
 -10.280
 -15.114
 -15.535
  -1.732
 -11.801
  -8.209
 -19.960
 -13.132
 -10.296
 -22.234
  -7.696
 -15.878
  -8.747
 -18.548
 -18.621
  -6.670
 -18.654
  -8.575
 -15.713
 -18.126
 -12.756
 -19.293
  -6.726
 -13.973
  -6.989
 -15.298
  -6.220
 -18.298
  -6.686
 -19.104
 -17.048
 -18.992
 -17.097
 -17.478
  -8.933
  -7.444
 -16.024
  -0.542
 -11.653
 -13.364
 -16.669
 -13.319
 -11.544
 -10.914
 -14.149
 -17.688
 -14.855
 -23.741
  -8.313
 -15.129
 -18.432
  -7.343
 -29.115
 -16.050
  -4.060
 -19.808
 -10.431
 -14.588
 -27.335
  -9.191
 -12.727
 -26.837
  -0.610
 -16.644
 -20.921
 -17.919
 -12.411
 -18.163
 -23.606
 -19.049
 -18.013
 -14.805
 -14.315
 -23.998
 -17.561
 -18.635
 -19.847
  -7.163
 -15.479
 -20.999
 -16.823
 -10.969
 -18.011
 -17.145
 -18.855
 -21.787
 -15.561
 -20.161
 -18.422
 -16.950
 -18.129
 -12.146
 -16.533
 -19.032
 -14.558
  -7.668
 -17.304
 -18.530
 -23.341
  -9.913
 -14.252
 -13.191
 -15.684
  -4.241
 -11.397
  -8.460
  -8.054
 -16.177
 -26.837
 -16.028
 -24.509
 -16.628
 -14.989
 -17.608
 -12.023
  -8.893
 -11.665
 -14.446
 -17.428
 -20.408
  -8.474
  -3.885
 -16.306
 -18.963
  -4.543
 -15.274
 -14.778
 -26.550
 -11.008
 -18.131
 -24.135
  -9.655
 -17.442
 -14.156
 -18.698
 -17.894
  -4.128
 -13.742
 -26.908
 -14.340
   0.984
 -18.251
 -21.663
  -8.773
 -21.775
  -9.955
 -10.302
 -26.652
  -6.554
 -11.044
 -18.000
  -9.959
 -15.489
 -21.327
 -19.486
 -14.039
  -4.818
 -17.739
 -19.188
  -6.708
 -25.135
 -18.976
 -21.285
 -11.290
 -13.108
 -16.636
 -20.784
 -14.914
 -17.346
 -16.240
  -9.860
  -7.422
 -14.239
 -16.021
 -18.927
  -3.323
 -15.244
 -21.604
 -13.043
 -10.757
 -16.882
 -11.758
 -16.157
 -11.472
  -9.849
 -15.892
 -20.932
  -7.174
 -20.356
 -22.810
  -4.770
 -12.586
 -13.079
 -25.934
  -9.288
 -19.794
 -19.636
 -12.123
 -11.514
 -32.559
 -11.415
 -14.421
 -16.678
 -14.485
 -24.177
  -9.881
 -11.163
 -33.828
  -8.700
 -25.234
 -15.617
 -20.302
  -7.179
 -22.742
 -19.274
 -10.337
  -8.252
 -16.495
  -9.386
 -14.757
 -15.903
 -17.182
 -26.455
 -23.891
  -4.563
 -25.016
 -17.097
  -2.682
 -24.984
  -4.967
 -15.309
 -23.621
 -12.220
  -5.319
 -15.720
 -16.357
 -13.122
 -14.445
 -13.144
  -9.121
 -17.156
  -7.200
 -20.939
  -5.306
 -14.009
 -13.298
 -15.046
 -11.473
 -19.397
  -9.787
 -18.387
 -15.494
 -18.134
 -15.452
 -14.424
 -18.957
  -7.131
 -22.171
   1.566
  -6.653
 -18.603
 -11.284
  -6.886
 -19.863
 -15.358
 -12.851
 -17.201
  -6.516
  -6.510
 -19.080
 -12.276
 -15.196
 -21.773
  -8.864
 -15.493
 -24.948
 -23.417
   0.760
 -27.506
  -7.884
 -20.870
  -8.903
 -16.808
  -5.851
 -29.024
  -7.582
 -24.359
 -12.979
 -11.777
 -20.178
  -4.037
  -6.342
 -14.451
 -16.824
  -5.460
 -20.126
 -11.810
 -11.027
 -18.229
 -11.715
 -18.519
 -21.392
  -5.647
 -23.264
 -13.732
  -5.857
 -27.114
 -16.605
 -14.544
 -13.145
  -2.868
 -19.280
  -4.921
 -25.498
 -11.029
 -20.660
 -19.213
 -10.097
 -14.374
 -18.262
  -5.979
 -18.250
 -18.313
  -9.441
 -14.544
 -13.743
 -16.441
 -13.191
 -14.655
 -22.041
 -15.683
 -15.364
  -6.358
 -15.233
 -15.033
 -20.261
 -17.746
 -20.569
 -10.183
 -19.150
 -21.358
  -1.210
 -12.545
 -22.594
  -9.702
 -12.436
 -23.780
 -11.350
 -19.869
 -29.950
 -12.466
  -7.140
 -21.080
 -12.896
 -19.944
 -22.101
 -11.695
 -10.184
 -16.639
 -15.163
 -15.262
 -16.078
 -14.747
 -25.170
 -17.816
 -15.945
  -7.004
 -14.868
 -13.773
 -13.589
 -20.278
  -7.603
 -11.467
 -16.739
 -18.884
  -9.181
 -12.867
 -19.552
  -6.217
 -21.316
 -24.077
 -10.440
 -21.864
  -6.961
 -17.527
 -17.847
 -14.601
 -15.774
 -13.924
 -21.028
 -19.128
 -12.901
 -17.854
 -18.773
 -11.143
 -11.081
 -16.707
 -15.280
 -26.330
  -9.399
  -9.073
 -21.367
 -18.675
 -11.447
 -13.193
  -3.010
 -30.204
 -11.637
  -7.336
 -16.407
 -19.625
 -10.812
  -7.269
 -28.356
 -12.770
  -6.556
 -14.419
  -9.560
 -21.812
 -19.047
 -14.909
 -20.423
  -6.015
  -9.252
 -21.652
 -13.155
  -6.607
 -16.587
  -9.271
 -13.746
 -14.123
 -10.234
 -11.312
 -17.082
  -7.791
 -18.555
 -12.614
 -17.684
 -15.185
 -16.760
  -7.396
 -11.266
 -12.474
 -21.656
 -18.202
 -11.645
 -15.701
 -15.428
 -19.789
 -14.484
  -6.154
 -10.181
 -18.572
 -19.011
 -17.362
 -26.805
  -1.945
 -11.137
 -13.438
 -13.118
 -14.462
 -16.124
 -10.595
  -9.651
 -18.250
 -14.252
 -14.254
 -24.002
 -12.138
 -18.267
  -8.008
 -21.017
 -13.421
 -14.072
 -15.673
 -14.810
 -19.958
 -13.557
 -16.287
 -10.274
 -14.576
  -6.477
 -16.292
  -8.593
 -14.925
 -15.479
 -17.544
 -18.634
  -7.199
 -12.280
 -30.153
  -0.735
 -19.590
 -19.087
 -15.507
 -19.858
 -20.310
  -6.156
 -21.909
 -18.408
  -6.011
 -22.941
 -16.107
 -12.022
 -17.063
  -9.792
  -6.258
 -22.128
 -13.241
 -14.190
 -22.307
 -21.394
 -14.101
 -11.300
 -19.806
 -22.287
 -15.755
 -19.451
  -4.540
 -20.251
 -25.376
 -10.831
 -19.142
 -20.401
  -7.134
 -18.140
 -17.839
  -2.255
 -23.926
 -18.507
 -18.502
 -19.145
 -10.996
 -16.559
 -17.164
 -12.382
 -16.764
 -16.011
 -17.004
 -24.156
 -11.703
  -7.347
  -4.574
 -24.052
  -1.557
 -25.534
 -18.709
  -8.863
 -10.441
  -7.989
  -6.786
 -16.278
  -7.348
  -4.396
  -8.935
 -25.572
  -3.365
 -11.708
 -18.426
 -22.529
  -8.442
 -19.776
  -9.136
  -8.497
 -12.490
 -25.075
  -7.185
 -14.851
 -10.381
 -11.699
 -16.382
 -10.705
  -9.677
 -22.415
 -14.070
 -12.842
 -24.304
 -15.793
 -18.313
 -30.962
 -10.858
 -19.198
 -17.980
  -8.350
 -17.507
  -9.734
  -6.871
 -16.172
 -16.209
 -20.242
 -14.450
 -13.808
 -23.054
 -11.996
 -24.542
 -23.210
 -10.899
  -7.056
 -11.337
 -14.756
 -24.290
 -12.549
 -11.587
  -7.799
  -7.170
 -11.665
 -13.460
 -23.274
 -15.845
 -12.407
 -13.702
  -9.321
 -22.096
 -20.514
 -18.632
  -8.700
 -11.088
 -20.076
 -18.606
 -19.157
  -9.028
 -12.516
 -13.257
 -11.009
 -14.804
  -7.813
  -3.236
  -6.346
 -21.207
  -9.640
 -17.386
 -19.852
 -14.733
  -0.206
 -16.501
 -19.967
 -12.749
 -12.889
  -9.377
 -21.882
 -15.516
  -8.728
 -23.629
 -16.332
 -13.101
 -19.651
   2.208
 -14.107
 -15.262
 -21.178
  -8.312
  -7.618
 -19.096
   1.798
  -7.891
 -17.592
 -18.533
 -15.151
  -5.835
 -22.397
 -23.163
  -8.493
 -14.015
 -14.279
 -12.067
 -15.031
 -15.888
 -13.418
 -20.723
  -2.338
 -20.606
 -17.648
   0.030
 -24.803
 -20.734
   0.886
 -17.321
 -22.157
  -3.123
 -26.702
 -18.971
  -8.780
 -23.846
 -12.319
 -20.697
  -9.407
 -11.774
 -23.728
 -12.857
 -10.376
 -21.154
 -20.842
 -14.799
 -22.983
  -5.711
 -21.735
 -18.669
  -9.673
 -23.411
 -16.828
 -15.275
 -24.840
 -16.738
 -11.782
 -17.939
 -22.204
 -24.928
  -8.778
 -19.524
 -15.590
 -10.146
 -26.794
  -1.182
 -16.065
 -11.381
 -19.253
 -16.370
 -15.147
  -7.875
 -19.049
  -8.764
 -12.627
 -27.705
 -13.814
 -23.073
 -15.921
 -22.856
 -14.365
 -15.418
 -15.189
 -12.400
 -10.566
 -24.920
 -14.597
 -15.625
 -15.027
 -11.620
 -13.912
 -21.173
  -9.411
 -27.912
 -25.179
 -13.289
 -19.344
 -19.570
  -9.243
 -12.220
 -13.396
 -19.789
  -7.612
 -14.974
 -15.300
 -20.154
 -19.452
 -11.847
 -13.572
 -13.140
 -15.618
 -14.330
 -11.454
 -13.654
 -19.587
 -15.502
  -0.354
 -15.587
 -11.824
 -15.603
 -11.122
 -11.072
 -19.687
 -11.280
 -15.337
  -9.585
 -19.958
  -1.841
 -19.045
 -18.659
 -18.188
  -4.395
 -27.480
 -13.282
 -16.214
 -18.475
  -9.470
 -18.068
 -19.576
  -9.179
 -11.111
 -11.157
 -12.283
  -7.202
 -15.525
 -21.909
  -9.954
 -13.916
 -25.083
  -0.206
 -22.186
 -22.213
 -17.562
 -10.661
 -19.317
 -19.774
  -5.561
 -13.698
 -17.927
 -10.297
 -16.786
 -14.542
  -7.610
 -20.080
 -14.936
 -14.194
  -8.017
 -19.515
 -14.223
 -18.933
 -13.511
 -11.067
 -10.557
 -13.132
 -24.136
  -1.452
 -22.688
 -14.289
 -10.090
 -17.438
 -14.501
 -18.175
 -12.916
 -16.976
 -11.687
 -11.862
 -27.353
 -16.956
  -4.343
 -21.645
 -26.955
 -13.637
 -18.071
 -11.562
 -14.936
 -24.139
 -10.039
 -15.169
 -20.014
 -16.878
 -19.067
  -9.468
 -20.877
 -19.327
 -10.715
 -17.137
 -27.842
 -11.363
 -19.596
 -17.916
 -20.761
  -6.325
  -9.412
 -22.393
  -6.363
 -18.554
 -18.870
 -16.502
 -12.454
 -21.747
 -14.059
 -25.990
 -15.520
 -11.555
 -15.065
 -17.006
 -12.978
 -17.411
 -13.139
 -27.114
 -10.030
 -10.986
 -25.963
 -10.733
 -17.124
 -22.648
  -2.208
 -30.909
 -19.025
 -20.079
  -9.010
 -14.405
 -12.406
 -25.071
 -10.833
 -11.701
  -7.488
 -16.568
 -16.278
 -12.744
 -13.725
 -16.643
 -22.839
  -9.615
 -21.693
 -19.802
  -3.818
 -21.593
 -16.145
  -7.494
 -19.221
 -11.671
 -10.812
  -6.729
 -26.532
 -17.072
  -6.852
 -14.268
 -12.646
 -22.708
 -13.619
 -25.219
  -7.400
 -13.579
 -22.390
 -26.205
 -17.522
 -24.068
 -12.188
 -25.544
 -14.181
 -11.284
 -19.356
 -18.204
 -10.975
 -17.691
 -13.457
  -7.176
 -16.533
 -22.621
 -23.175
 -13.461
 -21.420
  -9.155
 -18.922
  -5.776
 -12.702
 -11.032
 -18.819
  -8.218
 -19.987
 -11.131
 -15.678
 -23.915
 -17.447
  -2.659
 -11.017
 -12.903
 -13.481
 -23.022
 -19.741
 -20.801
 -24.487
 -23.833
 -12.808
 -18.209
 -16.393
 -18.484
 -12.641
 -10.935
 -12.960
 -10.078
 -15.413
 -20.094
  -4.041
 -23.224
 -21.405
 -21.093
 -17.314
  -4.478
 -20.081
 -22.790
  -3.331
 -28.242
 -15.183
 -14.871
 -20.495
 -10.943
 -16.089
  -7.023
 -14.354
 -14.341
 -20.374
 -21.256
  -8.784
 -24.099
 -11.863
 -17.837
 -17.522
  -8.736
 -18.578
 -14.678
 -14.685
 -11.544
 -18.388
 -17.424
 -23.389
 -14.669
  -8.359
 -13.747
 -10.875
 -20.167
 -20.570
 -12.613
 -17.830
 -16.355
  -3.073
 -11.572
  -7.539
 -14.322
  -8.903
  -5.401
 -20.411
 -14.012
 -23.698
 -16.678
  -6.822
 -15.913
 -28.739
  -0.738
 -27.999
 -17.897
 -14.811
 -22.019
  -7.002
 -18.734
 -14.211
 -12.435
 -14.992
 -13.199
 -17.742
 -18.279
 -19.513
 -14.150
  -7.507
 -18.090
 -21.590
 -13.308
 -24.257
 -10.993
 -14.687
 -11.854
 -13.935
 -11.773
  -6.961
 -25.937
 -10.653
 -22.648
 -20.959
 -10.154
 -11.427
 -18.080
 -13.757
   2.307
 -16.092
  -7.550
 -17.765
 -17.703
 -13.387
  -7.987
 -24.934
 -13.252
 -17.630
  -2.611
 -18.814
 -12.117
 -14.197
 -18.270
 -15.972
 -15.112
 -17.980
 -15.828
 -12.418
 -14.742
 -14.172
 -24.830
 -20.442
 -17.665
 -15.912
 -18.241
 -20.655
  -3.855
 -13.237
 -11.068
 -12.954
 -15.289
 -15.672
 -11.215
 -10.755
 -24.023
 -12.443
 -27.681
 -19.968
 -18.065
 -22.612
  -8.989
 -16.891
 -22.520
 -17.330
 -10.992
 -13.409
 -13.273
 -12.832
 -19.476
 -18.707
 -16.510
 -11.936
 -17.426
 -23.358
  -7.260
 -20.352
 -28.713
 -17.424
 -15.703
 -16.539
  -9.489
 -19.312
 -10.468
 -27.377
 -14.060
 -12.173
 -19.658
 -16.788
 -18.526
 -14.957
 -12.689
 -18.503
 -18.605
 -14.685
 -17.874
  -7.987
 -23.578
 -14.725
 -19.083
 -21.348
 -20.311
 -12.740
 -26.252
  -7.129
 -14.279
 -18.952
  -9.970
  -5.085
 -15.081
 -20.225
 -15.429
 -13.770
 -18.889
  -4.490
 -12.719
 -15.649
  -6.167
 -22.625
  -7.417
  -9.818
  -9.205
 -13.536
 -14.211
 -25.883
 -20.032
  -4.284
 -22.187
  -7.453
 -15.000
 -12.664
  -5.366
 -18.267
 -16.574
 -10.361
 -21.072
 -14.264
 -10.915
 -20.272
 -14.351
 -20.871
 -12.685
 -23.822
  -8.386
 -12.376
 -22.166
 -14.190
  -9.092
 -25.833
 -18.024
 -15.394
 -12.335
 -19.216
  -7.078
 -11.376
 -13.431
  -6.120
 -23.690
 -14.691
 -12.399
 -24.433
 -12.467
 -11.532
 -16.102
 -21.671
  -9.075
 -11.113
 -11.460
 -17.807
 -15.871
 -13.796
 -16.470
 -20.402
 -11.222
 -13.567
 -28.163
 -13.021
 -19.205
 -16.603
  -8.146
 -18.014
 -18.187
 -10.380
  -6.260
 -17.898
 -17.973
  -7.489
 -17.724
 -20.624
 -15.340
 -18.476
 -25.217
  -4.723
 -14.863
 -21.706
 -15.835
 -13.037
 -19.429
 -13.426
 -15.028
 -16.553
 -13.629
  -6.502
 -28.563
 -14.994
 -14.761
 -20.166
 -16.373
 -23.107
 -10.747
 -15.083
 -20.255
  -4.778
 -14.036
 -15.867
 -10.292
 -17.464
 -20.387
  -8.801
 -11.009
 -27.517
  -6.064
 -25.402
 -12.248
 -17.699
 -20.525
 -14.431
 -11.613
  -6.895
 -13.964
 -18.899
 -23.342
 -25.379
 -13.646
 -14.956
 -14.288
  -6.025
 -22.616
 -21.316
  -9.840
 -15.280
 -11.299
 -25.776
  -8.767
  -6.396
 -25.060
  -9.815
  -9.519
 -19.244
 -18.676
 -11.426
 -25.525
 -17.688
 -24.750
 -11.757
 -25.220
  -5.967
 -16.493
 -11.539
 -20.971
 -14.055
 -21.454
  -7.880
 -15.898
 -11.724
 -14.285
 -13.216
 -16.164
 -16.279
 -15.286
 -12.950
 -12.250
 -23.556
 -10.404
 -17.995
 -15.673
 -16.960
 -19.307
  -2.634
  -7.547
 -25.955
  -9.458
 -15.022
 -21.898
  -8.506
 -19.813
  -7.702
 -15.643
  -7.552
 -14.549
  -6.405
 -19.122
 -12.428
  -9.711
 -14.449
  -3.138
 -14.927
  -8.940
 -21.680
  -7.670
  -6.519
 -19.874
 -15.183
  -9.216
 -14.008
 -25.683
 -20.482
 -12.260
 -12.866
  -6.189
 -25.580
 -11.686
  -7.605
 -24.587
  -9.521
  -7.828
 -29.085
  -8.038
 -17.547
 -17.784
 -13.633
 -15.855
 -20.838
 -13.763
 -19.483
  -5.219
 -23.084
 -14.985
  -7.357
 -23.232
 -15.165
 -17.321
 -21.040
 -13.951
 -15.439
  -1.577
  -9.968
 -15.016
 -13.536
 -18.100
 -16.042
 -11.878
 -25.719
  -4.110
 -31.116
 -14.192
 -15.411
 -13.636
 -13.735
 -14.517
 -19.382
 -11.665
  -9.020
 -24.843
  -8.589
 -10.828
 -15.656
 -14.794
  -9.521
 -10.506
 -19.290
 -14.209
 -14.025
 -24.580
 -26.606
 -11.017
 -19.738
 -27.589
 -17.279
 -15.193
 -14.789
 -17.210
   0.744
 -23.821
 -18.554
 -14.634
 -13.244
  -9.543
  -6.125
 -14.574
 -11.528
 -10.061
 -22.735
 -16.149
  -6.737
 -28.224
 -15.680
 -13.568
 -21.611
 -20.440
 -12.240
 -14.768
 -15.161
 -14.361
 -13.747
 -17.768
 -17.011
 -17.525
 -14.400
 -25.667
  -5.972
 -14.171
 -20.622
 -22.214
 -11.615
  -7.831
  -8.991
 -11.559
 -13.706
 -11.151
 -21.846
 -11.496
 -21.767
  -8.387
 -16.430
 -10.820
 -24.959
 -19.305
 -10.399
 -23.455
 -15.035
  -7.894
 -14.123
  -9.723
  -5.615
 -22.458
 -11.081
  -1.492
 -15.021
 -17.112
  -9.524
 -15.002
 -17.458
 -16.805
 -16.155
 -11.039
 -10.671
 -13.197
 -10.354
 -19.772
  -9.749
 -22.429
 -12.424
 -26.944
 -21.211
 -11.175
 -23.040
  -7.973
  -7.401
 -19.495
 -21.671
 -16.331
 -17.407
 -17.815
 -18.087
 -17.926
  -9.819
 -16.828
 -10.006
 -17.108
 -19.904
  -6.663
 -21.902
 -12.103
 -19.357
 -12.230
  -4.970
 -26.460
  -2.180
 -13.317
  -4.617
  -5.282
 -31.131
 -12.247
 -11.264
 -22.316
 -10.161
 -16.086
 -21.606
 -16.137
  -9.045
 -16.958
 -24.172
 -13.782
 -17.064
 -22.285
 -12.516
 -23.471
 -19.082
  -6.794
 -16.954
  -9.925
 -10.867
  -5.524
 -16.028
  -9.227
 -18.746
 -16.020
 -19.023
  -4.310
 -16.466
 -26.554
  -7.291
 -19.540
 -23.847
 -11.651
  -4.670
 -18.269
  -1.563
 -14.235
 -11.030
 -12.108
 -11.764
 -21.207
  -8.982
 -15.822
 -17.574
 -21.384
 -16.005
 -18.876
 -26.829
 -11.479
 -10.383
 -19.114
  -7.165
 -22.945
 -22.699
 -10.311
 -22.676
 -10.446
 -22.414
 -20.544
  -9.334
 -21.058
 -15.770
 -14.957
 -13.686
 -10.100
 -15.820
 -15.058
 -19.170
 -10.246
  -7.876
 -16.719
  -7.479
 -25.881
 -14.465
 -16.220
 -26.793
 -14.292
  -9.519
 -12.605
  -8.561
 -19.928
 -19.550
 -12.846
  -8.845
  -8.224
 -20.536
 -18.938
  -7.925
  -9.995
 -20.192
  -8.934
  -6.054
 -15.122
 -12.078
 -10.368
 -17.381
  -6.588
  -9.973
 -19.180
 -10.916
 -20.710
 -15.625
 -14.554
 -12.902
 -14.255
 -12.024
 -19.223
 -18.241
 -21.345
  -9.869
  -7.786
 -26.663
  -9.194
 -15.077
 -10.702
 -22.318
 -13.316
 -16.370
 -17.001
 -20.596
 -14.561
 -18.990
 -11.217
 -13.428
  -7.172
 -23.917
 -17.747
  -4.171
 -27.118
 -16.472
   3.738
 -13.400
 -20.249
  -1.824
 -15.606
 -16.951
 -12.927
 -14.664
 -13.363
 -17.490
 -16.124
 -19.997
 -16.019
 -16.555
 -27.448
  -6.123
 -16.289
  -4.573
 -14.202
 -19.131
 -21.502
  -1.806
 -15.832
 -20.054
 -11.645
 -14.281
 -13.010
 -19.402
  -7.864
 -15.572
 -17.657
 -18.736
  -3.540
 -13.916
 -16.944
 -15.560
 -20.687
 -14.903
 -18.266
  -2.312
 -15.171
 -12.350
 -14.109
 -20.774
 -20.228
  -5.952
 -14.907
 -18.779
 -21.025
  -7.238
 -17.026
 -15.394
 -12.191
 -21.995
  -6.790
 -17.212
 -17.052
 -16.546
 -11.400
 -21.802
 -16.144
 -20.315
  -3.113
 -16.493
 -17.759
 -15.909
 -14.329
 -22.568
   1.656
 -22.471
 -10.303
 -12.254
 -14.437
 -16.423
 -12.542
  -8.853
 -11.988
 -15.050
  -8.925
 -24.168
 -10.493
 -11.794
  -6.983
 -13.134
  -9.814
 -20.136
 -19.707
 -11.178
 -12.723
  -8.029
 -13.194
 -12.164
 -12.113
 -13.274
 -12.345
 -17.007
  -6.270
 -12.954
 -14.332
 -10.034
 -27.026
  -3.069
 -12.963
 -19.101
  -9.813
 -17.307
 -16.035
 -13.699
 -11.868
  -9.147
 -15.355
 -12.804
 -12.862
  -7.200
 -20.200
 -19.762
 -13.194
 -18.751
  -9.925
 -22.881
  -9.659
 -26.826
 -12.231
 -28.156
  -7.554
 -11.030
 -24.866
 -14.746
 -11.473
 -23.555
  -4.606
 -24.038
 -11.009
  -3.616
 -20.056
 -12.753
 -20.564
  -8.753
 -21.072
 -16.093
 -15.579
  -6.203
 -18.404
 -17.815
 -10.950
 -16.378
 -20.840
  -4.959
 -29.898
 -18.156
 -14.359
 -21.144
 -16.432
  -5.404
 -18.444
 -13.445
 -11.233
 -21.547
 -15.475
 -11.246
 -20.862
 -16.361
  -5.284
 -16.312
 -19.114
   3.419
 -29.087
  -6.432
 -14.776
 -19.858
 -11.931
 -13.139
 -12.610
 -11.939
 -15.811
 -12.658
 -13.256
 -13.329
 -20.891
  -9.828
 -16.040
 -14.952
 -17.164
 -18.743
 -15.814
 -24.606
 -16.979
 -17.010
  -7.443
 -18.166
 -30.547
  -1.439
 -24.974
 -12.926
  -8.600
 -25.485
 -15.925
  -8.137
 -21.329
 -14.528
 -10.289
 -21.061
  -3.064
 -25.434
 -18.443
  -7.882
 -17.491
 -15.664
 -24.110
  -7.411
 -24.081
 -12.848
  -9.311
 -12.373
  -2.904
 -25.159
 -18.077
  -8.091
 -18.397
 -12.427
 -13.552
 -20.782
 -15.970
  -7.282
 -24.828
 -17.302
  -7.002
 -16.212
 -11.913
  -8.127
 -26.177
 -21.894
 -11.095
 -18.164
 -16.970
 -13.875
 -23.039
 -15.964
 -26.718
 -13.628
 -15.616
 -13.689
  -4.207
 -25.266
 -13.521
 -18.201
 -24.071
 -18.049
  -6.004
 -20.715
  -5.851
 -10.292
 -15.583
 -15.636
 -20.013
 -13.752
  -9.185
 -20.633
 -10.755
 -19.686
 -24.238
 -13.945
 -13.017
  -9.105
 -15.097
 -16.794
 -21.242
 -16.784
 -19.986
 -17.850
  -7.457
 -16.752
 -16.138
 -14.423
 -10.069
 -16.898
 -19.084
  -9.785
 -11.633
 -26.352
 -13.770
 -11.792
 -27.229
 -17.370
 -12.453
 -11.312
 -16.261
  -3.179
 -23.052
 -15.914
  -2.308
 -23.267
 -15.572
 -20.088
 -22.320
 -12.192
  -8.631
 -20.416
 -11.826
  -9.994
 -19.055
 -24.773
  -5.714
 -20.809
 -19.278
 -19.087
 -10.040
 -16.947
 -10.914
 -22.762
 -18.376
 -12.165
 -10.638
 -13.401
 -17.572
 -14.345
  -8.907
  -8.602
 -26.353
  -5.566
 -11.858
 -21.892
 -13.567
 -19.054
 -18.191
 -15.843
 -19.645
 -24.390
  -9.864
  -8.359
 -13.082
 -13.651
 -20.605
  -7.475
 -18.426
 -20.098
 -10.813
 -10.568
 -25.657
  -2.341
 -19.096
 -13.111
  -8.982
 -18.031
 -18.605
 -12.107
 -14.845
  -7.085
 -10.631
 -16.052
 -12.521
 -15.873
 -23.257
 -14.172
 -16.754
 -27.968
  -7.805
 -24.855
 -21.198
 -10.887
 -12.699
 -26.188
  -8.829
 -14.920
 -23.808
 -17.355
  -7.197
 -19.218
  -5.700
 -14.204
 -25.279
  -0.951
 -18.563
 -15.560
  -5.938
 -16.549
 -17.279
  -8.784
 -13.757
 -21.449
 -16.101
 -24.376
 -10.826
 -20.381
   3.709
 -15.752
 -25.676
  -0.445
 -14.708
 -25.021
 -10.757
 -17.016
  -4.073
  -7.722
 -13.236
 -17.691
 -12.842
  -2.714
 -26.959
 -22.224
  -0.974
 -19.192
 -17.698
  -8.214
 -20.417
  -6.233
  -2.946
 -13.742
 -18.633
  -9.694
 -23.801
 -12.041
 -24.007
 -12.011
  -8.498
 -15.616
 -23.419
  -6.713
  -6.840
 -17.882
 -15.991
 -13.254
 -20.649
 -22.402
  -2.190
 -24.306
  -8.001
 -10.983
 -16.104
 -13.843
  -2.542
 -21.083
  -8.902
 -14.110
 -27.398
 -10.624
  -3.091
 -21.860
 -16.164
 -14.292
 -11.939
  -8.793
 -13.585
 -15.204
 -23.419
 -16.738
 -10.727
 -23.108
 -21.813
  -5.277
 -17.009
 -31.664
 -12.406
 -12.724
 -18.233
 -22.403
 -15.170
 -15.356
  -8.347
 -15.408
 -14.248
  -7.741
 -15.999
  -8.002
 -19.768
 -16.528
 -17.503
 -15.536
 -18.636
 -13.036
 -13.951
 -31.137
  -6.455
  -7.682
 -23.197
 -18.508
  -9.742
 -13.659
 -14.369
 -23.805
  -7.381
 -14.807
 -17.863
  -9.003
 -14.700
 -10.776
 -17.634
 -13.835
 -22.537
 -11.221
 -10.528
 -28.036
  -5.966
 -19.480
 -12.870
 -26.541
 -18.466
  -3.643
 -22.696
 -19.324
  -5.369
 -14.314
 -17.373
 -25.311
  -9.480
 -13.689
 -13.497
 -16.440
 -23.202
 -18.453
 -12.783
 -20.859
  -1.564
 -20.730
 -26.172
 -14.085
 -17.987
 -16.052
 -10.831
  -8.651
 -19.177
 -18.942
 -14.151
 -14.463
 -20.040
 -22.427
 -11.307
 -20.214
 -13.035
 -20.348
 -19.001
 -14.430
 -15.219
 -17.620
 -12.428
 -20.529
 -10.149
  -4.691
 -25.280
 -12.334
 -10.123
 -24.036
 -17.784
 -21.698
 -10.584
 -15.594
 -14.760
  -1.523
 -20.827
  -9.587
 -24.321
  -9.582
  -9.245
 -15.649
 -10.381
 -22.599
 -12.979
 -18.459
  -3.368
 -11.738
 -19.308
 -10.324
  -6.197
 -24.169
  -7.241
  -9.580
 -20.237
 -17.018
  -1.218
 -15.959
 -13.087
 -20.937
 -20.713
  -8.735
 -24.243
 -11.915
 -14.149
 -16.815
 -10.969
 -17.444
 -15.594
 -10.915
 -26.854
  -6.705
 -19.874
  -3.949
 -13.174
 -15.978
 -13.475
 -16.715
 -17.312
 -16.049
 -12.554
 -14.689
 -10.300
 -11.579
 -18.009
  -9.511
  -7.846
 -28.295
 -17.089
 -19.773
 -20.743
  -1.012
 -21.739
  -6.512
 -20.289
 -12.079
 -16.352
 -10.081
  -9.095
  -6.840
 -18.846
 -20.236
 -18.090
 -20.888
  -8.418
 -16.321
 -19.647
  -9.347
 -16.774
 -30.875
 -15.889
 -19.163
 -11.499
 -10.019
 -19.265
 -11.314
 -19.433
 -18.368
  -8.692
 -32.316
 -17.447
  -5.244
 -25.211
 -12.988
 -24.010
 -16.992
  -5.441
  -7.106
  -8.310
 -13.853
 -18.582
 -24.427
  -6.269
 -22.089
 -18.557
 -13.434
 -17.586
  -4.379
 -18.518
 -11.857
 -23.962
  -2.130
 -19.824
 -10.348
  -6.620
 -23.479
  -3.621
 -15.284
 -22.677
 -16.022
 -14.325
 -18.489
  -7.048
 -17.411
 -14.435
  -7.817
  -7.874
 -17.249
 -11.283
 -14.998
 -19.196
 -11.026
 -23.621
 -17.076
 -10.080
  -9.476
 -17.113
  -6.222
 -30.294
 -11.674
 -11.725
 -22.800
  -4.110
 -17.585
 -16.543
 -22.584
 -11.812
 -22.767
 -19.641
 -11.309
 -12.732
 -14.067
 -15.791
 -16.722
 -11.322
 -18.722
 -13.748
 -17.639
 -19.013
 -12.577
 -11.688
 -17.776
 -11.109
 -10.999
 -26.368
 -17.923
  -7.193
 -26.969
 -18.574
 -13.639
 -24.279
 -19.463
 -11.156
  -3.440
 -15.424
 -16.552
 -12.935
 -21.818
 -25.136
 -18.822
 -21.163
  -6.461
 -15.921
 -13.118
 -15.572
  -7.803
 -25.212
 -22.085
 -22.275
  -2.965
  -6.393
 -21.106
 -18.710
  -8.597
 -23.088
 -17.191
 -15.635
 -12.403
 -22.066
 -17.248
 -18.983
 -12.304
 -24.149
 -12.044
 -17.395
  -9.763
 -14.288
 -13.597
 -16.816
  -5.851
 -14.403
 -17.917
  -8.272
 -11.355
 -13.852
 -13.292
 -13.395
 -14.211
 -23.703
 -15.768
 -13.329
 -19.106
 -13.943
 -10.869
  -9.619
  -7.409
 -11.980
 -12.958
 -16.382
  -9.054
 -10.837
 -14.311
 -16.307
 -19.687
 -21.399
  -6.985
 -14.697
 -14.447
 -18.199
 -17.913
 -11.205
  -9.459
 -14.681
 -17.472
 -20.881
  -6.438
 -16.272
  -3.407
 -19.047
 -11.741
 -17.741
  -5.673
 -24.274
 -19.217
  -7.099
 -22.224
 -16.850
  -4.819
 -22.490
  -9.911
 -13.835
 -11.433
 -11.929
  -7.371
 -12.726
 -12.091
  -8.146
 -12.661
 -16.932
 -13.578
 -21.684
 -15.054
 -12.320
 -13.430
 -19.506
  -4.948
 -18.872
 -13.273
 -14.631
 -19.868
 -17.947
  -9.915
 -11.250
 -10.272
 -13.390
 -20.408
 -15.846
 -16.698
 -13.256
 -12.100
 -18.362
  -5.041
 -16.611
 -19.871
  -3.742
 -20.606
  -9.519
 -12.854
 -17.644
 -15.638
 -10.629
 -20.507
 -11.273
 -10.414
  -2.136
 -17.811
 -14.334
  -5.800
 -12.680
 -15.243
  -8.778
 -19.417
 -14.739
 -18.472
 -12.669
 -16.699
  -6.514