37.685
24.321
21.863
22.152
47.706
62.045
83.667
69.881
55.822
23.694
0.204
-3.686
-11.544
13.047
27.119
66.415
81.270
101.117
98.661
90.894
67.741
55.068
33.195
33.910
35.553
39.951
45.037
72.470
71.594
74.964
61.231
52.533
27.564
32.768
33.038
46.430
53.802
72.740
70.046
76.976
74.329
78.211
64.089
  53.210
  32.730
  25.293
  30.693
  37.394
  57.912
  69.907
  73.738
  65.973
  58.888
  37.626
  23.055
   8.912
   1.100
  10.694
  19.794
  37.877
  54.641
  66.412
  74.454
  64.236
  49.777
  25.330
  -0.039
   7.620
  22.339
  47.855
  74.212
  86.845
  86.053
  66.593
  50.462
  28.271
  15.536
  21.024
  35.827
  53.808
  93.349
 113.967
 132.579
 127.236
  96.893
  63.451
  20.076
  -6.978
   2.273
  11.827
  52.608
  66.860
  86.472
  76.015
  70.492
  40.562
  13.179
   5.149
 -10.862
   7.216
  41.004
  63.435
  81.569
  92.354
  89.001
  66.553
  45.976
  30.791
  28.462
  38.535
  49.539
  57.568
  61.713
  58.995
  62.111
  63.096
  47.415
  45.476
  49.669
  54.832
  64.139
  69.804
  68.639
  63.235
  59.551
  58.190
  48.379
  32.758
  15.548
  19.731
  34.656
  52.841
  50.322
  59.983
  55.612
  49.068
  48.484
  47.923
  54.075
  69.575
  58.900
  71.724
  64.664
  55.106
  39.844
  22.243
  27.457
  26.640
  40.809
  45.284
  73.920
  73.881
  75.981
  61.269
  55.605
  39.392
  44.243
  37.868
  54.051
  63.380
  77.568
  80.526
  65.063
  55.930
  40.485
  39.197
  37.680
  50.424
  55.957
  60.935
  55.060
  51.630
  26.994
  41.668
  40.074
  52.412
  57.843
  67.823
  70.673
  60.231
  44.053
  36.934
  38.222
  32.272
  53.077
  60.987
  79.240
  81.735
  72.033
  62.466
  34.784
  31.976
   9.012
  15.021
  24.694
  39.997
  55.429
  61.555
  70.525
  81.102
  60.420
  60.147
  45.203
  34.303
  16.049
  15.131
  16.841
  32.556
  45.549
  82.195
  90.527
  95.875
  78.133
  47.682
  29.584
  21.550
  30.688
  57.743
  74.754
  78.962
  70.198
  49.893
  42.890
  26.362
  26.290
  22.719
  46.347
  57.108
  74.006
  81.551
  74.716
  58.397
  26.063
  19.406
  24.977
  46.156
  65.253
  76.004
  77.397
  72.030
  64.319
  60.135
  39.923
  25.515
  16.010
   4.147
  21.794
  46.377
  61.308
  89.403
 100.245
  95.274
  81.005
  36.243
  12.313
  -9.153
  12.637
  23.917
  73.727
  83.388
  97.116
  81.789
  74.077
  47.541
  36.127
  15.614
  17.934
   8.722
  33.790
  51.605
  85.653
  94.795
  69.610
  38.967
   9.887
 -13.170
 -12.689
 -11.834
  26.172
  58.073
  80.722
 105.004
 103.238
  86.637
  58.297
  33.463
  16.689
  12.005
   6.518
  25.937
  54.564
  79.631
  99.232
  93.518
  73.761
  62.028
  36.957
   8.805
   0.160
  -0.882
  25.757
  52.392
  78.888
 102.911
 110.712
 102.792
  76.218
  46.872
  26.918
   2.108
  -0.575
  14.861
  34.395
  57.318
  71.955
  83.948
  87.566
  72.489
  61.685
  48.385
  26.650
   5.273
   9.160
  15.232
  44.872
  70.596
  86.476
  80.328
  64.686
  33.055
   7.348
  -6.378
 -14.176
   2.755
  25.659
  54.768
  84.409
  96.766
  94.625
  75.444
  64.987
  40.264
  27.744
  27.763
  31.480
  39.507
  56.229
  59.884
  64.138
  74.274
  75.328
  68.020
  45.656
  23.880
   9.741
   0.839
  18.298
  39.629
  60.705
  61.303
  67.338
  48.459
  50.487
  50.525
  60.246
  60.150
  54.884
  55.290
  32.698
  14.628
   3.590
  11.219
  36.970
  73.051
  99.282
 102.172
  86.256
  52.964
  28.579
   8.519
  16.148
  29.789
  29.402
  36.121
  37.546
  47.394
  45.674
  39.729
  36.267
  29.321
  21.875
  21.342
  29.310
  40.781
  42.250
  65.480
  68.562
  54.684
  49.694
  44.023
  39.454
  31.472
  34.083
  29.745
  27.366
  39.914
  57.164
  64.733
  66.248
  67.960
  65.643
  60.489
  51.247
  26.465
  18.700
  13.385
  16.513
  28.394
  39.983
  48.158
  56.230
  48.947
  41.017
  39.911
  39.800
  40.148
  50.375
  42.455
  57.425
  53.201
  62.989
  60.104
  66.520
  72.124
  63.985
  60.980
  48.663
  45.668
  34.497
  29.851
  30.505
  26.128
  34.495
  40.599
  32.725
  44.706
  41.038
  38.524
  45.350
  34.012
  28.199
  18.846
  17.869
  28.663
  44.732
  60.750
  69.678
  72.028
  59.067
  40.897
  19.593
  15.175
   0.514
  16.551
  29.491
  41.287
  56.605
  64.483
  80.071
  66.752
  76.120
  68.925
  58.991
  51.424
  44.804
  42.976
  51.247
  54.191
  67.578
  68.856
  62.978
  52.844
  42.372
  24.025
  30.276
  21.743
  46.502
  51.820
  72.320
  77.646
  64.757
  57.507
  32.295
  25.868
  11.149
  12.171
  20.553
  51.917
  77.758
  95.636
  97.176
  80.576
  56.419
  41.787
  26.215
  24.411
  30.408
  58.864
  80.020
 102.179
  97.772
  92.068
  80.674
  60.106
  38.810
  11.499
  22.784
  13.605
  29.795
  49.846
  59.761
  87.366
  87.048
  82.127
  51.396
  30.503
  19.443
  24.495
  50.971
  84.283
 102.056
 105.183
 103.830
  75.055
  58.331
  39.730
  24.644
  20.863
  10.911
  11.710
  14.396
  39.104
  62.198
  74.983
  79.354
  67.703
  47.749
  30.093
  29.861
  19.372
  26.086
  31.741
  49.220
  57.473
  72.655
  68.680
  78.680
  75.733
  82.296
  70.800
  53.437
  25.463
   8.919
  -0.060
  16.648
  48.174
  77.467
  93.307
 101.140
  97.938
  71.541
  47.068
  23.584
  14.516
   5.094
  10.638
  36.596
  58.130
  86.697
  84.822
  68.775
  62.457
  26.360
  12.844
   2.119
   7.823
  41.361
  49.346
  89.445
  85.523
  75.170
  60.017
  36.267
  12.283
   0.430
 -11.632
  -6.232
  13.245
  39.278
  69.060
  86.633
  93.925
  85.284
  63.843
  57.032
  43.450
  38.937
  32.945
  38.921
  28.165
  29.326
  28.907
  42.041
  52.973
  60.370
  78.749
  83.437
  92.744
  73.782
  48.315
  35.549
  12.446
   6.540
  20.903
  35.655
  64.019
  63.914
  76.633
  82.381
  62.785
  50.398
  35.448
  11.644
  10.567
  34.182
  56.881
  78.810
  89.929
  73.108
  52.622
  41.706
  28.955
  38.050
  60.141
  84.379
  97.099
 104.078
  84.682
  67.849
  45.272
  14.373
  14.739
  17.565
  38.419
  56.052
  81.820
  75.408
  79.633
  53.911
  39.184
  39.014
  30.219
  40.173
  56.376
  51.072
  65.361
  66.286
  66.155
  48.716
  44.676
  27.884
  47.276
  64.311
  91.646
  84.347
  71.172
  31.067
  -6.828
 -22.155
 -12.345
   8.379
  48.632
  83.566
 105.536
  98.295
  73.624
  51.014
  22.493
  11.625
  -1.776
  11.361
  15.984
  35.137
  43.558
  61.664
  66.455
  79.588
  65.565
  64.609
  28.416
  11.704
  -7.662
  13.638
  50.184
  83.603
  95.712
  83.021
  64.318
  47.679
  21.732
   8.024
  -2.198
   6.867
  26.390
  58.568
  82.003
 103.870
 109.991
  82.760
  63.134
  33.505
  10.010
   2.243
  14.761
  28.250
  30.588
  32.656
  36.910
  44.558
  52.836
  49.764
  52.961
  43.003
  46.493
  42.747
  52.535
  51.452
  43.463
  51.466
  57.561
  68.352
  73.870
  73.409
  58.864
  50.506
  31.624
  39.017
  40.304
  60.927
  67.763
  85.042
  68.916
  74.572
  58.742
  51.814
  40.329
  46.437
  42.755
  42.052
  48.070
  40.033
  41.825
  43.930
  31.575
  24.305
  17.927
  17.421
  28.164
  44.002
  63.082
  90.152
 103.000
 104.478
  75.673
  36.004
   2.721
 -12.008
  -4.015
  18.143
  48.945
  69.366
  82.520
  73.094
  62.604
  43.670
  37.434
  34.324
  31.530
  26.806
  39.605
  40.172
  53.728
  48.985
  55.585
  48.163
  53.411
  51.720
  56.089
  49.267
  53.938
  38.770
  42.587
  59.684
  56.404
  61.884
  68.321
  66.839
  63.794
  52.333
  45.073
  37.701
  24.414
  23.977
  22.270
  46.461
  49.164
  47.351
  39.839
  28.563
  16.825
   9.478
  17.952
  30.900
  48.326
  54.212
  72.031
  75.113
  65.717
  59.051
  44.400
  25.215
  28.815
  27.426
  39.514
  50.647
  63.799
  57.026
  69.547
  77.239
  65.258
  59.933
  47.905
  41.959
  21.390
  18.769
  11.356
  26.722
  37.054
  49.964
  51.469
  70.324
  58.620
  59.140
  67.771
  62.308
  67.500
  53.827
  47.865
  45.318
  41.562
  48.906
  57.537
  74.182
  83.842
  97.690
  82.372
  80.978
  56.779
  47.560
  43.607
  31.524
  39.643
  47.143
  62.487
  75.521
  82.304
  79.679
  72.909
  45.607
  35.518
   9.985
   4.290
   2.446
  25.802
  50.613
  75.885
  90.282
  92.096
  86.816
  70.190
  54.596
  48.504
  30.412
  32.052
  25.657
  27.013
  38.462
  47.326
  49.145
  48.547
  43.754
  44.346
  31.049
  32.884
  45.068
  53.517
  52.912
  52.646
  55.673
  35.836
  36.150
  20.336
  25.804
  26.541
  39.227
  51.285
  57.763
  52.268
  44.982
  28.120
  20.044
  18.734
  20.698
  43.931
  71.387
  81.930
  92.809
  92.238
  80.466
  55.548
  35.787
  13.616
   3.678
  16.434
  38.560
  65.851
  88.449
  98.673
  96.053
  78.014
  63.279
  35.011
  24.200
  24.980
  30.095
  45.932
  54.159
  57.082
  58.129
  53.481
  40.940
  37.745
  48.947
  67.094
  83.519
  89.325
  79.647
  69.801
  65.176
  55.974
  64.181
  64.455
  75.339
  68.843
  62.466
  58.724
  42.272
  25.371
   6.284
   6.957
  17.027
  47.924
  73.202
  90.728
  93.391
  77.842
  62.757
  27.828
  -2.101
  -8.744
  -9.607
  14.589
  50.763
  88.616
 115.844
 118.336
  94.651
  66.208
  41.697
  25.377
  25.795
  18.553
  36.947
  53.192
  78.944
  93.914
  96.546
  81.003
  62.348
  40.471
  29.153
   8.931
  12.951
  22.417
  38.904
  55.747
  65.971
  82.985
  82.648
  71.873
  51.689
  36.964
  29.447
  23.571
  15.529
  26.741
  50.548
  71.687
  90.932
  91.514
  86.766
  42.430
  32.822
  11.902
   9.832
  26.589
  35.291
  61.276
  58.033
  61.621
  51.194
  33.721
  36.620
  24.617
  45.374
  49.479
  53.820
  39.084
  27.744
  32.605
  31.100
  48.869
  72.641
  77.460
  90.090
  69.677
  49.070
  35.077
  25.237
  35.912
  40.034
  62.741
  62.913
  66.504
  73.868
  61.756
  63.279
  59.694
  48.864
  51.015
  40.456
  45.161
  49.096
  51.306
  52.212
  41.260
  43.184
  43.745
  55.289
  65.437
  64.619
  63.519
  69.674
  53.272
  36.238
  20.792
  14.838
  21.740
  31.423
  42.715
  52.323
  55.579
  62.775
  59.649
  61.463
  45.544
  30.359
  30.726
  26.051
  37.280
  44.907
  73.456
  70.783
  83.685
  53.977
  36.727
   7.180
  -2.212
 -12.520
   6.018
  31.405
  51.003
  73.018
  95.123
  95.076
  78.662
  68.474
  47.186
  27.390
  28.150
  28.742
  42.043
  52.487
  74.531
  73.488
  75.494
  67.943
  65.740
  62.560
  41.068
  41.023
  52.773
  47.449
  65.538
  66.117
  65.790
  68.059
  54.160
  52.475
  45.782
  50.394
  43.307
  46.181
  47.741
  59.983
  52.805
  61.108
  56.691
  58.185
  51.527
  42.097
  42.841
  40.563
  55.963
  66.593
  77.449
  80.132
  59.796
  41.237
  18.872
  18.117
  10.523
  34.495
  55.755
  78.470
  80.327
  74.425
  48.998
  27.270
  22.244
  16.633
  13.448
  37.789
  57.033
  82.568
  89.142
  89.765
  65.415
  52.049
  19.441
   5.066
  10.553
  34.037
  60.448
  92.331
  89.132
  83.615
  62.260
  45.965
  40.372
  41.446
  55.492
  65.596
  74.909
  72.180
  64.606
  50.409
  37.696
  44.091
  54.896
  59.795
  65.290
  69.309
  58.021
  48.117
  25.522
  17.117
  12.506
  31.738
  35.163
  56.624
  69.914
  83.135
  93.630
  84.968
  58.180
  47.767
  24.478
  24.868
  22.596
  44.007
  49.215
  63.389
  54.060
  56.643
  41.108
  30.894
  25.967
  34.049
  48.892
  64.278
  63.479
  70.529
  70.350
  60.928
  61.139
  33.087
  29.307
  15.623
  22.485
  41.139
  47.628
  72.013
  72.697
  57.135
  41.134
  45.735
  41.530
  55.640
  70.129
  83.993
  82.495
  69.826
  51.780
  36.292
  19.698
  22.229
  32.424
  57.158
  70.948
  90.068
  96.428
  96.230
  68.583
  42.582
  16.800
  22.162
  28.498
  39.288
  62.400
  80.108
  83.396
  77.837
  56.323
  29.722
   9.039
  -9.572
   6.033
  18.446
  46.190
  63.719
  78.565
  86.556
  84.470
  72.983
  52.583
  46.987
  28.710
  34.021
  38.235
  40.219
  39.503
  42.730
  50.909
  58.114
  64.143
  52.601
  55.154
  38.437
  34.543
  32.674
  38.402
  42.321
  49.771
  43.729
  50.109
  57.660
  58.397
  53.754
  54.671
  35.237
  24.730
  16.463
  21.833
  29.396
  51.600
  67.492
  74.767
  81.045
  80.417
  68.023
  64.983
  46.029
  41.997
  22.535
   9.778
  16.344
  29.611
  45.710
  65.483
  79.794
  94.081
  78.608
  70.371
  46.881
  32.008
   9.726
   3.890
   0.467
  33.253
  64.700
  93.748
 100.184
  88.667
  63.979
  19.616
  -0.760
 -13.344
   0.622
  35.575
  65.064
  83.974
  96.770
  86.521
  68.433
  55.811
  40.087
  41.182
  51.546
  65.029
  74.641
  69.253
  71.816
  51.004
  32.637
  24.419
  20.131
  33.726
  42.998
  60.870
  61.310
  75.909
  68.241
  70.560
  54.954
  68.968
  57.755
  61.227
  63.547
  64.455
  61.498
  52.036
  47.713
  50.022
  54.309
  52.728
  41.540
  34.947
  31.374
  44.071
  53.266
  72.983
  79.085
  77.185
  67.443
  58.845
  57.334
  39.698
  50.636
  48.426
  55.422
  51.085
  57.652
  55.666
  52.576
  65.071
  66.644
  55.029
  40.757
  30.115
  30.331
  44.050
  50.802
  75.371
  72.936
  92.086
  90.008
  74.702
  71.650
  54.992
  39.100
  28.943
  26.040
  39.638
  48.359
  71.433
  79.640
  70.399
  61.053
  44.317
  24.792
  31.099
  42.680
  64.712
  80.543
  94.593
  90.904
  70.760
  42.507
  24.814
  18.984
  20.741
  47.209
  53.688
  73.925
  82.176
  84.347
  79.217
  67.390
  47.639
  28.222
  29.111
  24.009
  37.744
  40.453
  46.393
  41.607
  30.195
  28.435
  21.455
  25.238
  42.034
  46.109
  47.965
  50.109
  40.555
  45.284
  43.930
  57.753
  62.498
  86.752
  80.410
  71.156
  61.490
  40.891
  35.670
  31.449
  34.497
  39.486
  46.744
  67.050
  69.264
  62.219
  66.438
  62.029
  43.023
  28.897
  36.560
  26.845
  43.924
  48.587
  67.828
  76.516
  77.859
  70.620
  47.386
  37.295
  19.418
  15.992
  21.243
  50.613
  70.463
  91.062
  92.391
  81.886
  54.708
  35.468
  11.906
   1.774
   2.986
  23.301
  40.641
  76.334
  87.040
 102.939
  94.396
  77.383
  51.857
  28.719
  13.555
  16.747
  13.030
  17.884
  30.836
  47.094
  60.544
  85.811
  79.058
  81.714
  73.365
  50.843
  40.930
  28.073
  29.273
  24.640
  27.098
  39.906
  56.219
  54.902
  55.919
  52.171
  39.463
  41.737
  41.195
  51.165
  47.878
  49.240
  61.600
  59.262
  65.835
  61.076
  47.762
  48.245
  36.188
  32.962
  33.098
  30.859
  32.569
  38.417
  56.648
  73.701
  96.754
 105.985
 100.035
  63.781
  28.871
  10.853
   0.940
   5.116
  13.870
  48.081
  67.438
  89.777
  94.164
  95.781
  73.675
  51.499
  38.423
  29.833
  21.363
  31.150
  28.763
  39.336
  40.448
  38.811
  43.098
  35.348
  38.284
  35.866
  46.102
  55.657
  71.494
  69.566
  72.345
  67.187
  58.589
  42.402
  45.853
  51.835
  49.285
  63.886
  59.439
  66.265
  56.618
  51.130
  47.578
  37.933
  37.511
  40.223
  50.443
  60.670
  73.080
  76.500
  63.568
  55.324
  45.066
  41.172
  48.916
  59.734
  63.260
  59.775
  49.177
  27.562
  20.796
  14.044
  24.360
  40.695
  67.979
  81.327
  91.104
  92.266
  95.597
  66.709
  30.008
  13.573
 -15.280
  -6.322
  -1.867
  20.191
  50.173
  77.938
 100.717
 110.249
 102.187
  72.644
  47.629
  21.849
  16.589
  23.732
  41.943
  58.031
  72.138
  71.474
  74.989
  62.883
  59.840
  59.902
  61.416
  60.243
  46.230
  37.725
  43.541
  52.258
  59.371
  65.723
  59.867
  48.428
  39.718
  21.490
  20.880
  25.076
  32.634
  44.846
  49.752
  51.162
  59.904
  62.820
  67.819
  67.009
  64.196
  58.167
  44.152
  35.825
  38.412
  35.218
  43.299
  52.138
  40.847
  40.336
  34.779
  42.122
  38.690
  56.771
  62.539
  76.183
  88.677
  78.840
  72.495
  42.760
  33.573
  31.371
  41.274
  46.489
  55.097
  64.471
  47.636
  55.373
  48.264
  40.442
  49.943
  46.882
  46.318
  48.190
  51.442
  52.727
  49.940
  45.010
  36.837
  38.332
  41.089
  52.052
  70.233
  71.673
  61.795
  50.912
  37.300
  20.599
  34.283
  31.188
  47.935
  48.297
  47.584
  54.938
  53.574
  59.864
  61.211
  60.456
  57.839
  68.432
  49.803
  40.424
  16.665
   1.019
 -10.419
  -1.685
  27.941
  56.886
  80.317
  81.218
  86.282
  60.961
  46.715
  36.238
  26.805
  24.536
  27.357
  35.759
  43.121
  62.397
  67.013
  80.916
  58.815
  52.622
  26.988
  27.095
   8.155
  27.282
  34.377
  48.674
  57.572
  66.421
  64.041
  58.947
  58.115
  36.227
  33.893
  22.988
  33.879
  31.554
  46.337
  52.825
  65.021
  59.162
  67.381
  65.260
  57.493
  57.063
  62.861
  52.328
  61.697
  64.358
  67.166
  65.590
  56.938
  52.405
  39.528
  17.773
  14.338
  12.669
  18.571
  24.926
  48.692
  64.229
  73.018
  81.672
  70.907
  51.773
  41.666
  24.552
  29.109
  35.582
  53.998
  66.568
  78.517
  84.107
  85.072
  62.409
  23.525
   7.658
 -15.543
 -20.955
  19.169
  49.678
  84.739
 101.745
  88.452
  69.596
  48.489
  34.356
  29.755
  43.218
  53.733
  73.550
  68.829
  75.173
  50.694
  52.631
  25.001
  26.089
  27.642
  34.329
  47.162
  66.811
  85.162
  96.896
  87.301
  61.867
  37.075
  17.638
  21.292
  39.843
  62.658
  84.941
  81.654
  78.027
  58.487
  52.089
  27.644
  22.332
  33.275
  32.871
  54.438
  63.744
  75.384
  71.852
  74.781
  58.022
  44.084
  47.382
  39.134
  39.201
  29.591
  17.548
  19.096
  27.431
  31.987
  42.458
  39.032
  55.025
  51.805
  56.766
  41.775
  33.117
  38.557
  32.616
  45.109
  58.381
  58.830
  71.059
  73.404
  74.815
  62.154
  49.046
  36.125
  11.049
  20.603
  19.848
  49.476
  73.178
 102.757
 106.459
  97.567
  66.954
  40.148
  18.212
  11.245
  35.299
  69.175
  91.204
  98.683
  83.769
  52.341
  24.744
   2.729
  -6.518
  12.443
  19.502
  34.313
  47.910
  65.624
  74.019
  67.083
  60.900
  34.139
  26.806
  15.755
  27.876
  35.050
  58.132
  63.317
  67.447
  59.227
  57.044
  39.953
  45.542
  44.179
  51.302
  60.636
  50.335
  51.398
  45.465
  26.776
  32.650
  19.431
  34.955
  42.904
  48.135
  58.741
  67.915
  78.982
  70.136
  64.384
  32.167
  26.068
   8.375
  21.657
  25.836
  43.451
  61.404
  67.561
  76.664
  63.582
  59.809
  33.550
  36.772
  18.974
  38.400
  38.904
  61.340
  72.310
  74.820
  64.903
  56.062
  45.781
  39.538
  33.085
  23.311
  16.983
  27.425
  42.195
  54.709
  72.329
  74.319
  61.944
  44.185
  20.282
   8.288
  13.961
  21.681
  44.785
  59.759
  82.005
  81.512
  75.413
  62.686
  48.727
  26.288
  30.159
  22.076
  46.113
  61.665
  86.346
  93.420
  78.835
  61.615
  49.595
  41.731
  48.591
  44.696
  44.694
  48.690
  48.703
  48.741
  58.022
  43.938
  39.552
  27.019
   6.400
  21.524
  31.596
  54.949
  73.181
  90.464
  81.877
  74.718
  41.422
  38.685
  35.437
  38.618
  48.333
  50.280
  54.374
  43.836
  31.580
  22.026
  24.285
  26.666
  50.826
  74.098
  84.401
  90.548
  95.188
  80.044
  55.330
  28.106
  32.170
  19.355
  30.387
  46.506
  62.961
  89.578
  81.124
  78.370
  54.581
  39.067
  12.626
   3.314
  -8.374
  16.523
  53.188
  84.744
 100.475
  99.453
  76.506
  54.052
  23.693
  22.631
   9.522
  33.902
  46.011
  61.614
  61.215
  57.678
  54.597
  28.111
  31.535
  16.064
  36.369
  39.975
  57.232
  67.805
  70.213
  55.643
  44.776
  34.438
  32.496
  38.414
  45.452
  54.910
  57.627
  58.498
  48.500
  36.604
  37.305
  36.999
  43.829
  53.507
  70.822
  72.849
  70.635
  59.852
  41.109
  31.976
  23.796
  21.330
  27.692
  40.837
  54.107
  66.817
  72.219
  80.625
  74.399
  75.053
  71.042
  67.993
  42.930
  50.243
  40.866
  52.589
  60.248
  52.569
  46.447
  35.164
  32.296
  38.188
  39.844
  45.207
  46.118
  44.374
  47.428
  51.200
  48.375
  42.748
  38.269
  51.327
  59.739
  71.571
  72.192
  67.732
  53.264
  41.946
  30.883
  18.678
  12.877
  23.285
  34.388
  46.962
  51.890
  67.156
  53.149
  55.065
  56.166
  63.218
  65.711
  72.091
  79.001
  71.694
  58.862
  53.608
  49.231
  49.995
  64.276
  61.933
  61.915
  64.344
  44.164
  32.789
  24.968
  19.688
  18.419
  23.921
  31.072
  35.406
  37.902
  46.346
  47.617
  57.144
  54.915
  55.502
  36.374
  36.474
  33.581
  43.795
  47.745
  43.265
  41.772
  41.476
  37.879
  26.175
  19.640
  20.430
  23.757
  30.242
  33.732
  50.180
  57.780
  50.385
  62.044
  60.636
  63.665
  61.746
  58.273
  63.587
  51.208
  44.617
  24.253
  24.316
  32.581
  47.096
  55.812
  66.743
  83.679
  86.891
  86.532
  65.360
  58.727
  28.803
  28.284
  33.467
  41.145
  54.409
  66.178
  69.937
  79.380
  63.089
  42.733
  24.627
  21.357
  23.430
  36.686
  55.135
  65.653
  82.700
  71.742
  59.019
  43.410
  11.130
   5.050
   5.559
  25.562
  52.478
  80.635
  98.102
 100.251
  94.013
  66.954
  40.400
  15.056
  10.261
  32.927
  41.417
  70.244
  80.909
  70.298
  55.389
  44.144
  38.483
  37.398
  41.715
  60.293
  61.338
  75.703
  67.358
  64.066
  67.310
  52.953
  60.151
  48.871
  60.202
  50.084
  48.392
  34.828
  33.828
  34.675
  53.313
  67.048
  77.235
  71.720
  60.805
  42.840
  51.458
  65.623
  75.935
  81.407
  79.232
  67.019
  46.267
  31.756
  32.492
  41.791
  56.610
  71.575
  80.537
  91.547
  64.090
  52.659
  20.561
  -6.332
  -2.019
   9.393
  29.782
  68.822
  96.383
 113.001
 103.138
  78.951
  53.128
  25.615
  15.693
  28.049
  40.754
  66.058
  80.095
  74.475
  79.415
  66.790
  53.621
  43.280
  31.137
  42.709
  48.458
  52.754
  62.376
  70.158
  72.015
  65.546
  45.758
  30.245
  18.977
  10.437
  13.379
  17.688
  58.368
  76.550
 100.034
 103.227
  81.993
  62.126
  41.011
  21.585
  25.553
  28.819
  34.667
  44.190
  52.154
  49.211
  58.951
  59.934
  69.010
  72.213
  78.652
  67.003
  53.444
  41.126
  34.279
  34.889
  23.932
  30.879
  38.046
  49.715
  49.950
  57.611
  68.149
  74.544
  65.396
  50.143
  31.255
  20.768
  15.423
  34.557
  59.929
  96.517
 117.526
 117.002
  91.452
  51.441
  10.480
 -13.743
 -26.207
 -10.600
  24.640
  65.219
  94.108
 110.943
 106.286
  93.728
  63.253
  35.421
  10.681
  -2.452
  15.604
  31.934
  69.159
  88.841
 100.576
 103.909
  82.356
  60.795
  39.707
  28.471
  14.630
  20.037
  31.924
  41.184
  62.606
  74.725
  80.549
  73.194
  51.109
  27.844
   8.214
  -3.921
  -4.347
   5.937
  21.653
  48.564
  64.309
  73.365
  79.764
  72.967
  52.932
  41.785
  38.473
  34.958
  49.617
  56.739
  75.554
  76.934
  81.364
  78.181
  69.743
  54.170
  45.714
  41.776
  37.297
  44.059
  41.259
  55.694
  46.649
  64.782
  52.730
  50.211
  45.441
  32.155
  45.440
  49.732
  62.782
  66.052
  57.164
  58.182
  42.267
  47.880
  38.639
  44.994
  55.441
  64.529
  70.320
  58.084
  56.092
  39.278
  39.420
  46.373
  52.605
  61.667
  85.032
  82.995
  80.863
  56.254
  42.202
  28.683
  22.821
  18.878
  28.298
  30.911
  46.994
  57.610
  68.963
  70.849
  61.929
  60.929
  36.414
  32.839
   3.635
  11.205
  22.823
  36.683
  61.863
  73.151
  82.076
  78.512
  55.078
  46.180
  32.344
  28.483
  26.490
  24.704
  45.943
  59.085
  90.828
  94.416
 102.880
  90.009
  61.171
  37.186
  14.971
   1.835
   4.664
  23.817
  40.086
  52.858
  63.578
  72.630
  63.475
  49.722
  43.422
  32.357
  28.235
  28.775
  39.306
  26.816
  35.099
  31.720
  45.235
  56.736
  58.205
  66.282
  73.634
  67.902
  74.979
  51.442
  39.040
  30.806
  14.518
   9.657
   8.503
  32.830
  39.682
  64.576
  74.425
  91.875
  88.399
  77.937
  62.462
  41.329
  34.330
  25.849
  34.808
  26.119
  35.632
  30.930
  48.657
  31.776
  32.515
  21.787
  25.734
  25.853
  48.473
  75.418
  88.381
  89.353
  89.238
  71.835
  49.569
  24.488
  22.165
   5.085
   4.323
  23.755
  38.737
  62.770
  77.085
  73.922
  71.510
  61.401
  46.622
  49.215
  50.268
  55.939
  53.163
  65.230
  60.920
  68.102
  63.571
  53.220
  40.020
  33.210
  33.727
  39.742
  42.924
  66.793
  79.987
  93.382
 107.332
  87.933
  78.500
  53.126
  34.714
  32.315
  27.646
  36.999
  45.977
  63.188
  71.790
  72.609
  64.923
  50.776
  36.955
  38.457
  40.559
  40.136
  58.113
  52.695
  56.094
  50.515
  58.124
  56.957
  55.466
  53.030
  44.351
  48.538
  31.169
  45.230
  45.860
  52.775
  65.198
  65.364
  58.745
  47.665
  59.946
  57.609
  61.723
  76.311
  61.482
  54.272
  48.694
  38.547
  38.944
  43.547
  39.462
  50.948
  47.264
  46.051
  38.484
  31.609
  35.451
  35.034
  44.461
  50.980
  53.882
  53.079
  65.014
  53.479
  61.671
  60.510
  62.484
  59.770
  63.916
  70.046
  66.810
  52.775
  44.041
  23.385
  18.989
  20.993
  31.295
  30.306
  35.339
  37.991
  46.956
  56.201
  60.702
  67.749
  67.567
  48.968
  52.175
  49.390
  46.616
  63.028
  61.599
  62.112
  50.409
  44.663
  43.504
  45.486
  50.605
  59.176
  64.115
  64.742
  56.505
  49.492
  45.577
  58.773
  53.003
  70.053
  72.033
  69.556
  61.790
  59.598
  53.087
  44.485
  52.929
  52.611
  48.475
  40.944
  30.709
  14.859
  14.603
  14.039
  19.242
  40.231
  57.925
  84.600
  87.163
  80.371
  72.268
  58.389
  55.814
  40.827
  31.759
  29.114
  22.284
  26.727
  39.009
  41.215
  57.146
  65.969
  72.965
  51.581
  51.356
  47.122
  26.796
  27.734
   8.198
  11.628
  16.668
  30.483
  43.724
  56.299
  58.325
  67.378
  65.466
  63.121
  53.954
  40.599
  41.134
  47.268
  72.101
  94.928
 115.950
 108.094
  92.792
  56.764
  27.909
  27.009
  35.081
  46.335
  74.556
  88.580
  89.856
  74.146
  62.699
  30.221
  21.411
   6.343
  14.728
  24.867
  59.820
  80.485
  96.188
  73.717
  59.564
  43.399
   7.463
   8.702
  -0.547
  29.105
  72.026
  98.961
 123.592
 119.185
  99.358
  78.602
  57.867
  41.566
  29.824
  41.393
  34.887
  38.170
  35.852
  31.748
  46.378
  32.403
  35.939
  48.605
  44.259
  53.806
  63.525
  60.421
  66.000
  70.798
  59.648
  67.367
  62.432
  72.655
  61.778
  62.213
  52.095
  63.392
  62.952
  69.457
  62.898
  44.291
  38.702
  30.987
  31.284
  31.789
  25.640
  16.625
  37.329
  30.565
  61.912
  55.884
  72.470
  54.533
  60.055
  42.734
  50.287
  45.988
  47.716
  58.246
  57.606
  68.094
  58.475
  57.033
  46.385
  41.519
  49.218
  63.895
  69.481
  82.138
  76.700
  63.782
  60.931
  51.965
  40.724
  15.592
  18.621
  29.029
  52.386
  76.800
  94.728
  92.274
  72.037
  33.508
  14.106
   9.816
   9.597
  35.452
  59.897
  70.073
  88.880
  94.293
  74.685
  70.370
  47.779
  30.975
  40.046
  38.549
  48.631
  57.014
  78.674
  64.093
  82.328
  69.272
  73.198
  70.417
  52.861
  48.961
  40.643
  45.225
  47.942
  57.843
  66.368
  70.510
  59.549
  43.363
  24.626
  18.427
  18.517
  42.936
  63.404
  77.020
  77.860
  61.011
  56.420
  21.616
  12.403
  -2.850
   1.128
  -1.493
   8.626
  26.720
  50.753
  67.324
  87.196
  74.610
  66.430
  34.625
  16.223
   0.628
   9.870
  12.940
  37.241
  52.923
  74.655
  76.502
  92.186
  78.097
  69.047
  40.572
  11.639
   4.487
 -11.315
   1.509
  13.809
  33.784
  48.456
  56.781
  61.673
  57.258
  58.004
  37.085
  17.648
  19.627
  21.031
  40.570
  47.540
  67.867
  69.299
  80.796
  61.676
  62.821
  65.449
  67.245
  62.801
  64.887
  63.991
  66.187
  74.048
  81.617
  71.503
  61.212
  39.040
  18.678
  11.290
  17.587
  28.911
  35.442
  59.179
  57.833
  59.874
  45.870
  61.628
  57.195
  56.455
  54.649
  42.715
  41.800
  37.867
  33.691
  32.101
  39.457
  51.229
  57.962
  76.434
  71.447
  68.743
  60.861
  48.358
  40.283
  27.570
  28.724
  44.911
  43.748
  60.831
  69.033
  76.641
  90.367
  83.539
  85.903
  77.538
  53.535
  53.689
  31.379
  23.781
  41.068
  48.131
  61.367
  70.072
  77.868
  67.266
  65.986
  43.764
  31.791
  36.942
  47.438
  54.973
  66.392
  68.758
  67.085
  65.478
  58.068
  41.891
  28.734
  28.623
  36.937
  55.701
  74.658
  82.816
  92.335
  67.594
  54.736
  33.975
  13.004
  16.060
  27.925
  40.661
  58.365
  73.873
  79.546
  86.105
  81.223
  50.755
  34.996
  23.822
  35.637
  46.941
  57.962
  61.160
  66.912
  65.956
  71.479
  57.558
  46.207
  48.642
  51.997
  43.177
  45.561
  37.697
  49.152
  58.135
  61.173
  66.493
  61.098
  53.598
  45.565
  32.565
  27.069
  30.463
  23.383
  42.202
  62.390
  84.747
 105.535
  99.245
 100.112
  77.618
  35.539
  25.825
  23.854
  20.280
  41.615
  58.778
  79.951
  94.994
  96.764
  78.424
  63.665
  29.018
   0.705
 -13.331
 -15.183
  10.096
  51.578
  76.553
  99.111
  99.722
  95.314
  72.449
  48.662
  17.013
   3.119
   1.253
  20.791
  34.929
  60.238
  86.898
  85.436
  83.903
  67.820
  52.082
  38.757
  29.989
  21.236
  18.065
  10.910
  17.655
  22.742
  21.114
  38.775
  55.989
  61.505
  64.000
  63.956
  43.319
  39.054
  29.508
  29.132
  30.963
  43.333
  57.035
  81.391
  94.954
  98.500
  92.283
  67.346
  45.325
  28.775
  18.203
  21.053
  26.927
  26.952
  54.940
  66.212
  83.866
  75.272
  70.802
  50.553
  37.676
  13.228
  25.221
  35.404
  61.869
  88.608
  95.629
 104.337
  84.881
  66.668
  40.067
  26.274
  16.968
  17.358
  34.781
  53.127
  64.221
  73.977
  65.563
  57.688
  44.838
  27.329
  38.827
  40.285
  43.966
  48.536
  64.065
  63.319
  67.000
  57.828
  39.351
  36.174
  19.499
  26.958
  40.213
  64.232
  63.916
  81.065
  67.418
  44.427
  30.951
  26.172
  28.312
  44.639
  58.957
  65.423
  60.481
  43.059
  36.781
  32.175
  25.502
  29.123
  48.353
  51.501
  80.220
  80.245
  73.914
  67.144
  45.681
  39.912
  43.798
  45.040
  43.827
  47.525
  46.848
  41.712
  51.648
  50.933
  51.495
  59.282
  61.571
  71.394
  67.624
  80.007
  62.261
  60.064
  49.905
  51.171
  39.869
  41.541
  38.416
  43.327
  42.816
  45.642
  50.999
  45.392
  50.547
  57.243
  55.277
  54.869
  47.206
  50.690
  52.529
  58.611
  64.529
  62.575
  60.906
  49.110
  52.559
  46.896
  52.108
  58.246
  57.793
  45.407
  40.600
  29.756
  32.134
  34.942
  53.052
  65.495
  90.432
  95.968
  83.377
  67.996
  45.839
  21.554
  13.116
  19.323
  33.882
  69.438
  88.233
  83.763
  79.227
  48.420
  33.984
  36.189
  50.629
  62.004
  63.176
  53.956
  59.266
  50.130
  57.924
  78.144
  81.754
  90.390
  91.764
  78.153
  49.264
  20.219
  -9.713
  -6.651
   7.593
  34.261
  59.793
  78.227
  96.271
 102.245
  82.504
  74.878
  49.597
  40.334
  20.725
  15.937
  10.224
  21.328
  30.866
  37.026
  49.554
  43.164
  41.231
  35.493
  31.363
  34.853
  45.190
  43.920
  49.936
  47.704
  40.533
  39.260
  37.311
  49.693
  51.112
  48.746
  53.430
  58.464
  61.138
  63.998
  43.771
  38.083
  28.212
  31.902
  28.349
  34.371
  41.073
  48.694
  73.862
  69.941
  79.892
  55.006
  53.160
  24.480
  30.993
  28.059
  50.575
  45.853
  55.431
  44.012
  34.635
  46.239
  45.382
  44.026
  36.374
  48.186
  38.698
  57.110
  67.838
  89.727
  90.215
  92.963
  81.609
  74.943
  49.627
  37.953
  42.752
  39.979
  66.829
  62.379
  67.420
  51.736
  37.780
  16.121
   6.731
  -0.556
  13.194
  28.924
  62.201
  73.642
  89.256
  84.679
  68.761
  53.047
  33.915
  24.586
  30.241
  38.126
  51.828
  56.368
  53.594
  45.193
  37.317
  42.553
  40.870
  47.762
  53.421
  57.853
  49.381
  50.641
  40.243
  27.820
  36.917
  42.863
  68.145
  78.054
  96.186
  80.810
  76.667
  49.922
  14.482
  -9.211
  -3.724
   1.580
  35.084
  68.503
 110.810
 119.481
 112.817
  78.857
  52.644
  17.243
  -5.556
  -5.371
  19.717
  49.331
  77.448
  87.383
  81.004
  86.416
  61.265
  57.021
  40.629
  34.815
  42.795
  34.284
  42.438
  36.902
  51.506
  50.675
  57.722
  60.169
  62.014
  71.007
  75.019
  66.773
  58.866
  47.224
  31.817
  23.421
  18.080
  35.655
  41.283
  46.366
  57.498
  68.140
  66.707
  57.611
  50.804
  30.739
  33.346
  27.039
  35.345
  31.305
  36.714
  50.880
  69.335
  72.491
  77.105
  56.464
  51.153
  47.423
  50.428
  38.147
  49.522
  49.512
  58.997
  68.930
  76.370
  82.469
  85.369
  78.450
  63.946
  44.376
  23.086
  13.219
   4.035
  18.538
  35.499
  67.521
  78.258
  85.791
  71.749
  37.405
  18.356
   7.081
   9.154
  38.983
  56.726
  78.165
  81.321
  73.519
  64.607
  60.684
  49.577
  49.352
  49.143
  43.539
  52.478
  61.190
  58.978
  55.819
  60.429
  48.202
  41.326
  34.526
  29.692
  32.899
  50.336
  55.299
  70.441
  72.213
  73.087
  58.558
  56.996
  39.889
  43.176
  26.191
  28.920
  41.016
  60.859
  80.531
  87.379
  76.096
  58.609
  37.105
  26.870
  14.291
  26.303
  32.362
  35.369
  42.590
  41.367
  46.984
  51.192
  38.579
  38.813
  34.817
  48.168
  55.983
  61.372
  61.795
  61.774
  53.944
  49.609
  58.901
  65.582
  71.804
  64.951
  75.276
  56.351
  59.522
  53.521
  38.793
  34.491
  22.893
  10.363
  14.948
  19.983
  17.174
  26.895
  30.626
  56.169
  67.542
  87.616
  91.297
  82.777
  72.446
  63.901
  34.931
  30.393
  26.908
  32.904
  49.054
  57.735
  71.356
  77.428
  87.566
  73.004
  58.010
  33.306
  29.680
  33.718
  34.029
  56.242
  47.406
  64.408
  59.562
  57.747
  56.140
  40.596
  51.128
  53.282
  61.310
  63.411
  66.502
  60.316
  48.773
  47.357
  29.999
  44.212
  31.640
  60.211
  51.563
  69.455
  79.828
  99.584
  94.483
  84.058
  56.637
  30.795
  16.595
  16.687
  27.281
  43.576
  65.934
  62.388
  79.705
  64.149
  50.821
  32.116
  30.553
  19.971
  37.136
  53.588
  72.726
  92.056
  89.841
  72.819
  56.886
  39.942
  18.587
  11.827
  26.682
  44.281
  62.277
  72.064
  64.854
  57.512
  31.207
   6.365
   1.898
   5.012
  30.731
  51.259
  89.812
  96.489
  93.766
  86.565
  61.152
  38.572
  31.612
  29.331
  31.229
  42.882
  65.153
  67.694
  81.117
  75.724
  75.577
  75.670
  67.962
  48.820
  47.166
  41.066
  47.674
  53.521
  56.327
  57.075
  53.604
  44.451
  37.539
  21.609
  15.730
  13.801
  22.172
  41.486
  49.720
  61.383
  46.717
  45.126
  26.126
  31.714
  31.434
  52.074
  49.558
  65.198
  73.499
  68.993
  54.804
  43.194
  32.896
  16.894
  21.715
  16.968
  31.730
  36.830
  59.383
  66.719
  70.499
  72.402
  60.980
  47.071
  44.117
  29.297
  48.078
  48.464
  57.186
  53.274
  51.998
  49.051
  44.120
  45.776
  42.084
  52.029
  64.716
  56.824
  51.884
  50.006
  38.244
  38.393
  20.854
  37.690
  46.023
  77.768
  88.209
  92.507
  69.001
  41.071
  22.345
  28.406
  32.538
  53.751
  74.442
  89.955
  85.191
  71.586
  61.306
  43.711
  35.752
  30.488
  26.107
  36.993
  46.607
  60.786
  80.889
  84.660
  92.324
  84.256
  65.141
  61.867
  40.990
  43.434
  49.908
  54.008
  60.893
  53.840
  56.743
  67.657
  63.022
  56.707
  56.056
  35.876
  41.838
  26.732
  30.722
  41.378
  70.408
  84.226
 106.258
  96.817
  70.766
  38.747
  17.038
   6.477
  18.074
  32.698
  65.717
  82.916
  91.809
  70.790
  53.398
  42.485
  22.308
  33.484
  46.603
  51.569
  57.064
  61.771
  57.324
  46.969
  43.016
  46.149
  62.187
  67.468
  68.413
  59.073
  38.564
  30.542
  15.466
  20.047
  24.280
  36.817
  40.211
  64.412
  65.826
  67.508
  50.658
  55.196
  46.472
  47.873
  43.836
  32.921
  38.548
  32.629
  39.090
  43.558
  49.806
  67.729
  80.604
  91.175
  88.891
  78.802
  55.147
  26.562
  11.861
  -5.869
   1.031
  18.356
  31.054
  45.161
  55.553
  55.659
  57.953
  40.694
  40.532
  28.238
  36.582
  48.506
  60.877
  81.168
  85.728
  91.454
  70.007
  57.547
  37.197
  24.179
  28.648
  35.619
  48.001
  57.771
  73.011
  72.689
  67.306
  52.715
  37.642
  46.079
  53.190
  64.532
  63.484
  72.266
  74.576
  78.990
  71.476
  63.425
  58.654
  59.233
  59.386
  68.524
  72.502
  60.718
  62.613
  41.931
  37.119
  37.363
  49.158
  60.548
  68.499
  57.572
  42.549
  16.864
   1.015
  10.231
  12.074
  34.827
  47.069
  57.199
  83.293
  77.250
  80.340
  65.145
  52.347
  49.161
  37.582
  36.769
  32.099
  50.342
  62.597
  71.562
  68.642
  72.079
  57.886
  42.678
  32.722
  16.196
  29.963
  23.193
  50.944
  62.516
  79.644
  95.079
  94.936
  81.929
  76.705
  59.013
  63.627
  55.437
  47.662
  44.138
  53.379
  50.143
  52.269
  58.628
  58.963
  66.236
  57.039
  52.090
  42.205
  38.642
  36.751
  36.050
  40.001
  37.221
  45.629
  29.389
  33.178
  32.616
  37.043
  48.970
  66.299
  65.942
  66.983
  61.946
  62.326
  68.475
  80.897
  84.655
  73.132
  48.209
  35.691
  14.384
  -1.152
   9.071
  18.932
  47.087
  69.737
  92.670
 107.597
 106.493
  80.682
  67.288
  38.924
  35.638
  35.947
  42.133
  54.795
  49.667
  51.714
  51.515
  53.539
  64.020
  66.366
  84.210
  87.673
  75.707
  45.293
  23.058
 -10.858
 -18.242
  -1.824
  31.869
  64.849
 106.235
 110.942
 124.241
  82.758
  62.783
  22.797
   5.106
  -5.377
  16.235
  29.550
  65.621
  80.196
  94.076
  78.836
  76.490
  51.963
  41.357
  12.517
  12.221
  10.406
  24.245
  44.182
  69.643
 100.950
 109.989
  96.395
  55.890
   6.991
 -22.784
 -27.807
 -13.287
  21.407
  62.475
  85.478
 100.011
  90.451
  64.546
  31.251
  16.648
   2.508
  14.793
  24.474
  46.589
  80.967
  80.872
  95.448
  85.123
  70.125
  58.959
  48.993
  54.132
  44.665
  50.588
  38.682
  44.401
  24.040
  13.442
  21.146
  28.999
  39.534
  57.175
  63.520
  77.527
  63.374
  55.384
  41.107
  35.395
  44.118
  53.443
  65.020
  69.945
  60.787
  54.977
  25.557
  19.623
  14.677
  29.825
  46.233
  61.552
  64.352
  71.299
  66.670
  52.700
  31.518
  13.410
   8.188
  17.865
  35.426
  54.220
  80.809
  77.282
  68.684
  39.745
  20.023
  29.953
  34.045
  47.153
  63.770
  62.568
  64.292
  54.045
  45.497
  50.362
  45.197
  57.525
  65.604
  77.507
  74.347
  68.730
  59.223
  59.415
  57.186
  49.986
  42.305
  55.326
  67.612
  87.248
  82.152
  74.403
  58.490
  45.553
  34.113
  18.032
  34.281
  37.179
  60.745
  62.894
  85.532
  85.560
  83.474
  55.622
  59.525
  39.565
  50.091
  65.653
  78.433
  83.527
  82.056
  71.652
  64.577
  50.773
  56.103
  40.115
  42.132
  39.736
  35.029
  42.527
  37.544
  36.360
  45.113
  42.529
  45.637
  49.786
  35.679
  29.863
  22.710
  31.757
  48.979
  55.450
  78.955
  68.713
  67.364
  47.903
  30.419
  27.219
  31.957
  51.977
  77.470
  90.605
  99.311
  70.621
  57.252
  36.733
  16.234
  18.076
  27.863
  49.826
  61.243
  58.962
  69.423
  57.305
  59.941
  49.918
  58.390
  49.029
  60.874
  64.841
  52.441
  47.717
  27.517
  10.374
   3.488
  -2.558
  11.234
  28.248
  54.247
  70.744
  80.709
  70.693
  60.008
  37.231
  34.013
  28.016
  45.372
  49.203
  76.895
  96.590
  99.578
  86.569
  60.326
  25.845
  11.486
   5.784
  16.898
  27.267
  55.399
  57.742
  66.238
  60.823
  43.410
  39.981
  49.268
  43.831
  41.722
  39.286
  28.203
  41.392
  32.945
  43.551
  61.525
  75.308
  95.207
  92.489
  79.336
  41.223
  18.289
   2.786
  -4.581
   5.760
  23.871
  45.780
  73.731
  89.023
  94.640
  90.707
  63.432
  26.981
 -10.089
 -15.078
 -17.622
   2.770
  26.596
  57.854
  75.547
 105.602
 108.514
  92.040
  66.988
  33.065
  13.568
  -0.552
  10.079
  16.137
  40.284
  62.499
  79.320
  72.899
  69.717
  60.061
  50.275
  44.556
  27.675
  23.642
  15.421
  15.195
  11.473
  33.892
  42.164
  74.284
  67.516
  91.621
  72.573
  68.761
  58.818
  34.860
  19.296
  11.597
  18.619
  23.881
  38.209
  33.574
  57.244
  57.745
  66.354
  74.445
  74.337
  74.848
  66.905
  56.270
  33.952
  21.310
  23.706
  29.827
  36.527
  47.169
  44.242
  40.181
  40.641
  34.547
  38.975
  48.096
  54.527
  52.363
  60.471
  45.413
  42.332
  40.913
  51.872
  39.110
  49.344
  43.913
  50.545
  55.342
  66.868
  79.724
  77.631
  64.915
  41.834
  29.693
  23.408
  25.805
  35.169
  34.187
  37.116
  41.086
  31.055
  42.709
  47.047
  40.916
  52.323
  56.622
  47.847
  54.444
  48.983
  42.762
  60.252
  55.245
  55.501
  43.529
  35.985
  30.727
  19.617
  19.476
  12.533
  27.596
  34.146
  51.146
  63.890
  74.794
  91.287
  82.266
  88.573
  78.123
  68.216
  53.469
  42.124
  30.781
  41.690
  48.884
  66.018
  74.569
  78.566
  60.077
  63.126
  49.652
  30.901
  32.251
  40.243
  55.165
  69.313
  83.685
  95.704
  92.796
  63.973
  23.035
  -7.347
 -28.847
 -22.180
  18.742
  56.545
  98.380
 111.990
 108.463
  94.113
  83.319
  66.895
  41.565
  29.267
  13.693
   8.920
  27.829
  31.387
  44.204
  54.304
  48.810
  54.719
  50.518
  45.305
  36.743
  24.526
   7.537
  23.073
  31.068
  55.563
  64.890
  91.826
  81.323
  61.507
  33.404
  -0.036
 -19.462
 -23.673
  13.012
  55.367
  98.181
 127.779
 127.471
 118.880
  97.394
  66.199
  35.506
  14.940
  12.136
  20.292
  34.761
  60.197
  70.792
  80.924
  79.347
  75.624
  62.241
  40.817
  27.815
  30.521
  22.507
  28.472
  38.346
  47.381
  39.504
  48.443
  39.186
  47.785
  39.033
  50.118
  45.509
  58.994
  70.235
  76.567
  61.412
  45.399
  39.712
  33.788
  39.989
  41.030
  63.501
  72.402
  77.634
  66.501
  61.316
  46.605
  30.399
  39.320
  41.324
  56.151
  52.383
  53.430
  48.222
  53.969
  59.897
  55.478
  52.806
  43.393
  34.246
  34.003
  30.615
  44.858
  39.606
  57.465
  43.806
  52.699
  46.213
  37.054
  35.321
  37.284
  36.647
  45.455
  41.311
  54.628
  74.232
  74.576
  66.833
  56.868
  50.296
  50.203
  62.802
  60.833
  71.047
  64.689
  61.397
  49.372
  37.829
  28.357
  12.761
  12.230
  11.344
  28.036
  47.793
  58.465
  67.578
  61.508
  45.154
  29.887
  20.818
  19.889
  27.684
  37.052
  45.180
  58.394
  69.739
  71.893
  57.793
  53.563
  35.530
  27.503
  14.210
  28.196
  36.496
  61.346
  64.844
  58.854
  51.992
  39.856
  38.650
  40.892
  47.128
  72.316
  70.256
  71.526
  67.256
  45.262
  38.370
  17.749
  20.275
  10.393
  28.541
  50.720
  65.506
  79.002
  80.888
  71.311
  39.419
  14.072
  20.412
  13.099
  31.298
  49.135
  68.423
  77.258
  66.047
  57.021
  43.239
  23.959
  15.906
  25.602
  49.479
  81.999
 100.465
 106.512
  94.318
  85.239
  58.398
  52.387
  53.004
  45.306
  38.913
  39.383
  47.477
  47.290
  64.875
  76.192
  75.318
  79.762
  62.624
  59.979
  42.418
  44.876
  38.113
  39.042
  38.714
  38.841
  33.837
  33.233
  26.137
  41.808
  55.244
  65.676
  73.015
  63.872
  63.071
  56.437
  48.563
  56.886
  39.039
  40.779
  44.018
  33.912
  41.905
  53.293
  55.697
  59.760
  68.292
  69.512
  53.398
  43.052
  17.204
   2.966
  -0.535
  14.707
  29.373
  52.361
  64.220
  70.128
  81.251
  76.939
  68.221
  66.701
  38.297
  43.284
  31.657
  45.060
  55.474
  53.086
  59.243
  52.703
  47.637
  38.323
  39.646
  34.904
  42.560
  52.057
  41.555
  45.539
  49.401
  42.803
  63.875
  59.207
  73.858
  66.156
  60.007
  33.600
  16.624
  10.191
  22.570
  39.213
  56.493
  82.344
  86.925
  91.069
  74.889
  60.927
  47.363
  33.570
  35.677
  33.119
  30.120
  42.231
  38.071
  59.338
  68.939
  76.279
  85.042
  68.773
  60.543
  35.221
  34.332
  18.537
  19.793
  18.740
  25.691
  35.324
  45.775
  51.155
  38.159
  39.011
  28.159
  37.760
  60.463
  72.401
  71.758
  72.272
  58.024
  48.952
  33.008
  38.292
  55.428
  69.792
  84.552
  85.556
  88.718
  73.394
  60.514
  31.490
  16.543
   7.383
  18.319
  37.717
  60.988
  82.894
  79.797
  63.148
  33.684
   4.737
  -5.154
   0.374
   2.836
  27.315
  45.106
  71.021
  76.622
  63.608
  66.370
  55.386
  52.804
  50.287
  58.523
  57.459
  63.079
  49.481
  36.204
  25.505
  23.177
  19.906
  39.673
  57.013
  82.802
  85.653
  91.629
  68.542
  49.811
  34.481
  29.798
  27.261
  45.269
  52.680
  76.147
  89.955
 101.037
  86.996
  68.334
  41.961
  34.182
  21.405
  31.462
  44.540
  58.771
  68.846
  78.871
  65.094
  60.797
  32.624
  36.401
  20.314
  24.115
  19.339
  43.844
  50.982
  84.662
  86.533
  88.937
  76.815
  50.020
  15.256
   5.232
  -1.499
  35.749
  71.702
 103.781
 118.030
 104.688
  72.897
  33.036
  -6.887
 -16.364
  -8.710
  12.011
  35.993
  56.842
  73.070
  82.657
  79.540
  63.279
  55.266
  46.601
  24.194
  24.120
  11.566
  31.851
  37.111
  64.410
  80.379
  97.453
 108.737
 111.089
  92.331
  68.238
  39.512
  11.807
  -8.887
   1.344
  21.250
  45.087
  79.477
  81.046
  88.330
  61.815
  45.692
  30.884
  27.999
  25.752
  54.367
  72.805
  73.361
  72.280
  54.559
  48.622
  31.056
  25.277
  26.923
  35.639
  32.421
  50.864
  50.385
  55.491
  52.237
  38.317
  28.989
  32.501
  36.632
  43.120
  54.310
  59.068
  54.710
  68.677
  62.769
  54.796
  56.356
  46.222
  52.653
  72.093
  80.778
  79.906
  82.555
  68.421
  54.190
  44.671
  23.420
  19.794
  28.717
  40.239
  39.288
  50.836
  58.291
  65.572
  64.860
  59.707
  34.766
  27.432
  26.021
  37.477
  57.844
  75.797
  84.655
  78.883
  78.255
  66.628
  59.911
  40.654
  40.017
  34.905
  47.614
  48.162
  46.663
  59.360
  57.051
  58.009
  62.917
  60.252
  54.287
  49.650
  41.992
  50.343
  46.619
  51.841
  38.515
  48.762
  43.558
  49.578
  55.581
  57.473
  38.785
  33.898
  28.633
  33.303
  33.877
  45.752
  58.036
  63.580
  76.437
  56.543
  53.437
  39.514
  41.378
  39.715
  46.689
  52.375
  60.647
  66.335
  62.203
  41.901
  28.993
  23.008
  14.427
  27.678
  18.023
  32.932
  24.639
  35.601
  50.379
  59.994
  72.739
  83.976
  65.690
  50.516
  21.131
  10.401
   0.015
  15.812
  32.141
  54.159
  70.016
  93.975
 100.990
  98.711
  85.806
  69.306
  39.158
  21.742
  -0.309
   5.927
  24.254
  64.734
  79.168
  88.381
  80.096
  58.885
  32.789
  19.063
  20.102
  25.818
  51.346
  62.164
  71.147
  62.637
  52.253
  30.072
  30.748
  29.806
  41.198
  40.674
  54.988
  58.881
  45.087
  51.025
  45.630
  49.362
  56.456
  62.751
  71.348
  62.509
  57.751
  48.789
  47.349
  46.219
  57.951
  58.006
  60.033
  64.184
  45.163
  45.927
  32.938
  27.385
  32.985
  30.604
  35.044
  25.316
  42.964
  42.560
  60.995
  64.137
  64.756
  59.562
  52.976
  51.056
  46.050
  53.847
  48.821
  49.696
  44.839
  44.046
  47.890
  55.637
  52.280
  44.767
  41.805
  39.779
  40.426
  41.971
  45.774
  50.663
  44.926
  33.954
  24.883